# BCS  xy
  -5.250  -5.250  0.683708E-01
  -4.550  -5.250  0.683590E-01
  -3.850  -5.250  0.683427E-01
  -3.150  -5.250  0.683333E-01
  -2.450  -5.250  0.683375E-01
  -1.750  -5.250  0.683524E-01
  -1.050  -5.250  0.683681E-01
  -0.350  -5.250  0.683771E-01
   0.350  -5.250  0.683771E-01
   1.050  -5.250  0.683680E-01
   1.750  -5.250  0.683523E-01
   2.450  -5.250  0.683375E-01
   3.150  -5.250  0.683334E-01
   3.850  -5.250  0.683429E-01
   4.550  -5.250  0.683591E-01
   5.250  -5.250  0.683709E-01

  -5.250  -4.550  0.683630E-01
  -4.550  -4.550  0.683602E-01
  -3.850  -4.550  0.683514E-01
  -3.150  -4.550  0.683420E-01
  -2.450  -4.550  0.683428E-01
  -1.750  -4.550  0.683543E-01
  -1.050  -4.550  0.683656E-01
  -0.350  -4.550  0.683703E-01
   0.350  -4.550  0.683702E-01
   1.050  -4.550  0.683654E-01
   1.750  -4.550  0.683542E-01
   2.450  -4.550  0.683429E-01
   3.150  -4.550  0.683424E-01
   3.850  -4.550  0.683520E-01
   4.550  -4.550  0.683607E-01
   5.250  -4.550  0.683632E-01

  -5.250  -3.850  0.683500E-01
  -4.550  -3.850  0.683522E-01
  -3.850  -3.850  0.683444E-01
  -3.150  -3.850  0.683303E-01
  -2.450  -3.850  0.683287E-01
  -1.750  -3.850  0.683425E-01
  -1.050  -3.850  0.683548E-01
  -0.350  -3.850  0.683575E-01
   0.350  -3.850  0.683575E-01
   1.050  -3.850  0.683547E-01
   1.750  -3.850  0.683425E-01
   2.450  -3.850  0.683290E-01
   3.150  -3.850  0.683309E-01
   3.850  -3.850  0.683453E-01
   4.550  -3.850  0.683529E-01
   5.250  -3.850  0.683503E-01

  -5.250  -3.150  0.683403E-01
  -4.550  -3.150  0.683391E-01
  -3.850  -3.150  0.683241E-01
  -3.150  -3.150  0.683044E-01
  -2.450  -3.150  0.683050E-01
  -1.750  -3.150  0.683265E-01
  -1.050  -3.150  0.683435E-01
  -0.350  -3.150  0.683462E-01
   0.350  -3.150  0.683462E-01
   1.050  -3.150  0.683435E-01
   1.750  -3.150  0.683267E-01
   2.450  -3.150  0.683055E-01
   3.150  -3.150  0.683052E-01
   3.850  -3.150  0.683252E-01
   4.550  -3.150  0.683400E-01
   5.250  -3.150  0.683407E-01

  -5.250  -2.450  0.683429E-01
  -4.550  -2.450  0.683381E-01
  -3.850  -2.450  0.683207E-01
  -3.150  -2.450  0.683031E-01
  -2.450  -2.450  0.683086E-01
  -1.750  -2.450  0.683323E-01
  -1.050  -2.450  0.683469E-01
  -0.350  -2.450  0.683460E-01
   0.350  -2.450  0.683460E-01
   1.050  -2.450  0.683470E-01
   1.750  -2.450  0.683327E-01
   2.450  -2.450  0.683093E-01
   3.150  -2.450  0.683040E-01
   3.850  -2.450  0.683218E-01
   4.550  -2.450  0.683389E-01
   5.250  -2.450  0.683432E-01

  -5.250  -1.750  0.683558E-01
  -4.550  -1.750  0.683510E-01
  -3.850  -1.750  0.683383E-01
  -3.150  -1.750  0.683283E-01
  -2.450  -1.750  0.683359E-01
  -1.750  -1.750  0.683539E-01
  -1.050  -1.750  0.683613E-01
  -0.350  -1.750  0.683571E-01
   0.350  -1.750  0.683572E-01
   1.050  -1.750  0.683617E-01
   1.750  -1.750  0.683545E-01
   2.450  -1.750  0.683367E-01
   3.150  -1.750  0.683292E-01
   3.850  -1.750  0.683391E-01
   4.550  -1.750  0.683516E-01
   5.250  -1.750  0.683560E-01

  -5.250  -1.050  0.683685E-01
  -4.550  -1.050  0.683618E-01
  -3.850  -1.050  0.683501E-01
  -3.150  -1.050  0.683423E-01
  -2.450  -1.050  0.683474E-01
  -1.750  -1.050  0.683606E-01
  -1.050  -1.050  0.683690E-01
  -0.350  -1.050  0.683699E-01
   0.350  -1.050  0.683700E-01
   1.050  -1.050  0.683693E-01
   1.750  -1.050  0.683611E-01
   2.450  -1.050  0.683480E-01
   3.150  -1.050  0.683429E-01
   3.850  -1.050  0.683506E-01
   4.550  -1.050  0.683621E-01
   5.250  -1.050  0.683686E-01

  -5.250  -0.350  0.683746E-01
  -4.550  -0.350  0.683637E-01
  -3.850  -0.350  0.683476E-01
  -3.150  -0.350  0.683364E-01
  -2.450  -0.350  0.683379E-01
  -1.750  -0.350  0.683510E-01
  -1.050  -0.350  0.683669E-01
  -0.350  -0.350  0.683768E-01
   0.350  -0.350  0.683769E-01
   1.050  -0.350  0.683670E-01
   1.750  -0.350  0.683512E-01
   2.450  -0.350  0.683381E-01
   3.150  -0.350  0.683366E-01
   3.850  -0.350  0.683478E-01
   4.550  -0.350  0.683638E-01
   5.250  -0.350  0.683747E-01

  -5.250   0.350  0.683747E-01
  -4.550   0.350  0.683638E-01
  -3.850   0.350  0.683478E-01
  -3.150   0.350  0.683366E-01
  -2.450   0.350  0.683381E-01
  -1.750   0.350  0.683512E-01
  -1.050   0.350  0.683670E-01
  -0.350   0.350  0.683769E-01
   0.350   0.350  0.683768E-01
   1.050   0.350  0.683669E-01
   1.750   0.350  0.683510E-01
   2.450   0.350  0.683379E-01
   3.150   0.350  0.683364E-01
   3.850   0.350  0.683476E-01
   4.550   0.350  0.683637E-01
   5.250   0.350  0.683746E-01

  -5.250   1.050  0.683686E-01
  -4.550   1.050  0.683621E-01
  -3.850   1.050  0.683506E-01
  -3.150   1.050  0.683429E-01
  -2.450   1.050  0.683480E-01
  -1.750   1.050  0.683611E-01
  -1.050   1.050  0.683693E-01
  -0.350   1.050  0.683700E-01
   0.350   1.050  0.683699E-01
   1.050   1.050  0.683690E-01
   1.750   1.050  0.683606E-01
   2.450   1.050  0.683474E-01
   3.150   1.050  0.683423E-01
   3.850   1.050  0.683501E-01
   4.550   1.050  0.683618E-01
   5.250   1.050  0.683685E-01

  -5.250   1.750  0.683560E-01
  -4.550   1.750  0.683516E-01
  -3.850   1.750  0.683391E-01
  -3.150   1.750  0.683291E-01
  -2.450   1.750  0.683367E-01
  -1.750   1.750  0.683545E-01
  -1.050   1.750  0.683617E-01
  -0.350   1.750  0.683572E-01
   0.350   1.750  0.683571E-01
   1.050   1.750  0.683613E-01
   1.750   1.750  0.683539E-01
   2.450   1.750  0.683359E-01
   3.150   1.750  0.683283E-01
   3.850   1.750  0.683383E-01
   4.550   1.750  0.683510E-01
   5.250   1.750  0.683558E-01

  -5.250   2.450  0.683432E-01
  -4.550   2.450  0.683389E-01
  -3.850   2.450  0.683218E-01
  -3.150   2.450  0.683040E-01
  -2.450   2.450  0.683093E-01
  -1.750   2.450  0.683327E-01
  -1.050   2.450  0.683471E-01
  -0.350   2.450  0.683461E-01
   0.350   2.450  0.683460E-01
   1.050   2.450  0.683469E-01
   1.750   2.450  0.683323E-01
   2.450   2.450  0.683085E-01
   3.150   2.450  0.683031E-01
   3.850   2.450  0.683207E-01
   4.550   2.450  0.683381E-01
   5.250   2.450  0.683429E-01

  -5.250   3.150  0.683407E-01
  -4.550   3.150  0.683400E-01
  -3.850   3.150  0.683252E-01
  -3.150   3.150  0.683052E-01
  -2.450   3.150  0.683055E-01
  -1.750   3.150  0.683267E-01
  -1.050   3.150  0.683435E-01
  -0.350   3.150  0.683462E-01
   0.350   3.150  0.683462E-01
   1.050   3.150  0.683436E-01
   1.750   3.150  0.683265E-01
   2.450   3.150  0.683050E-01
   3.150   3.150  0.683043E-01
   3.850   3.150  0.683241E-01
   4.550   3.150  0.683391E-01
   5.250   3.150  0.683403E-01

  -5.250   3.850  0.683503E-01
  -4.550   3.850  0.683530E-01
  -3.850   3.850  0.683453E-01
  -3.150   3.850  0.683309E-01
  -2.450   3.850  0.683290E-01
  -1.750   3.850  0.683424E-01
  -1.050   3.850  0.683546E-01
  -0.350   3.850  0.683574E-01
   0.350   3.850  0.683576E-01
   1.050   3.850  0.683549E-01
   1.750   3.850  0.683426E-01
   2.450   3.850  0.683288E-01
   3.150   3.850  0.683303E-01
   3.850   3.850  0.683444E-01
   4.550   3.850  0.683521E-01
   5.250   3.850  0.683500E-01

  -5.250   4.550  0.683632E-01
  -4.550   4.550  0.683607E-01
  -3.850   4.550  0.683520E-01
  -3.150   4.550  0.683424E-01
  -2.450   4.550  0.683429E-01
  -1.750   4.550  0.683541E-01
  -1.050   4.550  0.683654E-01
  -0.350   4.550  0.683702E-01
   0.350   4.550  0.683703E-01
   1.050   4.550  0.683657E-01
   1.750   4.550  0.683543E-01
   2.450   4.550  0.683429E-01
   3.150   4.550  0.683420E-01
   3.850   4.550  0.683514E-01
   4.550   4.550  0.683602E-01
   5.250   4.550  0.683630E-01

  -5.250   5.250  0.683709E-01
  -4.550   5.250  0.683591E-01
  -3.850   5.250  0.683429E-01
  -3.150   5.250  0.683334E-01
  -2.450   5.250  0.683375E-01
  -1.750   5.250  0.683523E-01
  -1.050   5.250  0.683680E-01
  -0.350   5.250  0.683771E-01
   0.350   5.250  0.683771E-01
   1.050   5.250  0.683681E-01
   1.750   5.250  0.683524E-01
   2.450   5.250  0.683375E-01
   3.150   5.250  0.683333E-01
   3.850   5.250  0.683427E-01
   4.550   5.250  0.683590E-01
   5.250   5.250  0.683708E-01


# HFB xy
  -5.250  -5.250  0.744657E-01
  -4.550  -5.250  0.692139E-01
  -3.850  -5.250  0.617867E-01
  -3.150  -5.250  0.565348E-01
  -2.450  -5.250  0.565348E-01
  -1.750  -5.250  0.617866E-01
  -1.050  -5.250  0.692139E-01
  -0.350  -5.250  0.744657E-01
   0.350  -5.250  0.744657E-01
   1.050  -5.250  0.692139E-01
   1.750  -5.250  0.617866E-01
   2.450  -5.250  0.565348E-01
   3.150  -5.250  0.565348E-01
   3.850  -5.250  0.617867E-01
   4.550  -5.250  0.692139E-01
   5.250  -5.250  0.744657E-01

  -5.250  -4.550  0.692139E-01
  -4.550  -4.550  0.671072E-01
  -3.850  -4.550  0.641279E-01
  -3.150  -4.550  0.620213E-01
  -2.450  -4.550  0.620212E-01
  -1.750  -4.550  0.641279E-01
  -1.050  -4.550  0.671072E-01
  -0.350  -4.550  0.692139E-01
   0.350  -4.550  0.692139E-01
   1.050  -4.550  0.671072E-01
   1.750  -4.550  0.641279E-01
   2.450  -4.550  0.620212E-01
   3.150  -4.550  0.620213E-01
   3.850  -4.550  0.641279E-01
   4.550  -4.550  0.671072E-01
   5.250  -4.550  0.692139E-01

  -5.250  -3.850  0.617867E-01
  -4.550  -3.850  0.641280E-01
  -3.850  -3.850  0.674390E-01
  -3.150  -3.850  0.697802E-01
  -2.450  -3.850  0.697802E-01
  -1.750  -3.850  0.674390E-01
  -1.050  -3.850  0.641279E-01
  -0.350  -3.850  0.617867E-01
   0.350  -3.850  0.617867E-01
   1.050  -3.850  0.641279E-01
   1.750  -3.850  0.674390E-01
   2.450  -3.850  0.697802E-01
   3.150  -3.850  0.697802E-01
   3.850  -3.850  0.674390E-01
   4.550  -3.850  0.641280E-01
   5.250  -3.850  0.617867E-01

  -5.250  -3.150  0.565348E-01
  -4.550  -3.150  0.620213E-01
  -3.850  -3.150  0.697802E-01
  -3.150  -3.150  0.752667E-01
  -2.450  -3.150  0.752667E-01
  -1.750  -3.150  0.697802E-01
  -1.050  -3.150  0.620213E-01
  -0.350  -3.150  0.565348E-01
   0.350  -3.150  0.565348E-01
   1.050  -3.150  0.620213E-01
   1.750  -3.150  0.697802E-01
   2.450  -3.150  0.752667E-01
   3.150  -3.150  0.752667E-01
   3.850  -3.150  0.697802E-01
   4.550  -3.150  0.620213E-01
   5.250  -3.150  0.565348E-01

  -5.250  -2.450  0.565348E-01
  -4.550  -2.450  0.620213E-01
  -3.850  -2.450  0.697802E-01
  -3.150  -2.450  0.752667E-01
  -2.450  -2.450  0.752667E-01
  -1.750  -2.450  0.697802E-01
  -1.050  -2.450  0.620213E-01
  -0.350  -2.450  0.565348E-01
   0.350  -2.450  0.565348E-01
   1.050  -2.450  0.620213E-01
   1.750  -2.450  0.697802E-01
   2.450  -2.450  0.752667E-01
   3.150  -2.450  0.752667E-01
   3.850  -2.450  0.697802E-01
   4.550  -2.450  0.620213E-01
   5.250  -2.450  0.565348E-01

  -5.250  -1.750  0.617867E-01
  -4.550  -1.750  0.641279E-01
  -3.850  -1.750  0.674390E-01
  -3.150  -1.750  0.697802E-01
  -2.450  -1.750  0.697802E-01
  -1.750  -1.750  0.674390E-01
  -1.050  -1.750  0.641280E-01
  -0.350  -1.750  0.617867E-01
   0.350  -1.750  0.617867E-01
   1.050  -1.750  0.641280E-01
   1.750  -1.750  0.674390E-01
   2.450  -1.750  0.697802E-01
   3.150  -1.750  0.697802E-01
   3.850  -1.750  0.674390E-01
   4.550  -1.750  0.641279E-01
   5.250  -1.750  0.617867E-01

  -5.250  -1.050  0.692139E-01
  -4.550  -1.050  0.671072E-01
  -3.850  -1.050  0.641279E-01
  -3.150  -1.050  0.620213E-01
  -2.450  -1.050  0.620213E-01
  -1.750  -1.050  0.641279E-01
  -1.050  -1.050  0.671072E-01
  -0.350  -1.050  0.692139E-01
   0.350  -1.050  0.692139E-01
   1.050  -1.050  0.671072E-01
   1.750  -1.050  0.641279E-01
   2.450  -1.050  0.620213E-01
   3.150  -1.050  0.620213E-01
   3.850  -1.050  0.641279E-01
   4.550  -1.050  0.671072E-01
   5.250  -1.050  0.692139E-01

  -5.250  -0.350  0.744657E-01
  -4.550  -0.350  0.692139E-01
  -3.850  -0.350  0.617866E-01
  -3.150  -0.350  0.565348E-01
  -2.450  -0.350  0.565348E-01
  -1.750  -0.350  0.617867E-01
  -1.050  -0.350  0.692139E-01
  -0.350  -0.350  0.744657E-01
   0.350  -0.350  0.744657E-01
   1.050  -0.350  0.692139E-01
   1.750  -0.350  0.617867E-01
   2.450  -0.350  0.565348E-01
   3.150  -0.350  0.565348E-01
   3.850  -0.350  0.617866E-01
   4.550  -0.350  0.692139E-01
   5.250  -0.350  0.744657E-01

  -5.250   0.350  0.744657E-01
  -4.550   0.350  0.692139E-01
  -3.850   0.350  0.617866E-01
  -3.150   0.350  0.565348E-01
  -2.450   0.350  0.565348E-01
  -1.750   0.350  0.617867E-01
  -1.050   0.350  0.692139E-01
  -0.350   0.350  0.744657E-01
   0.350   0.350  0.744657E-01
   1.050   0.350  0.692139E-01
   1.750   0.350  0.617867E-01
   2.450   0.350  0.565348E-01
   3.150   0.350  0.565348E-01
   3.850   0.350  0.617866E-01
   4.550   0.350  0.692139E-01
   5.250   0.350  0.744657E-01

  -5.250   1.050  0.692139E-01
  -4.550   1.050  0.671072E-01
  -3.850   1.050  0.641279E-01
  -3.150   1.050  0.620213E-01
  -2.450   1.050  0.620213E-01
  -1.750   1.050  0.641279E-01
  -1.050   1.050  0.671072E-01
  -0.350   1.050  0.692139E-01
   0.350   1.050  0.692139E-01
   1.050   1.050  0.671072E-01
   1.750   1.050  0.641279E-01
   2.450   1.050  0.620213E-01
   3.150   1.050  0.620213E-01
   3.850   1.050  0.641279E-01
   4.550   1.050  0.671072E-01
   5.250   1.050  0.692139E-01

  -5.250   1.750  0.617867E-01
  -4.550   1.750  0.641279E-01
  -3.850   1.750  0.674390E-01
  -3.150   1.750  0.697802E-01
  -2.450   1.750  0.697802E-01
  -1.750   1.750  0.674390E-01
  -1.050   1.750  0.641280E-01
  -0.350   1.750  0.617867E-01
   0.350   1.750  0.617867E-01
   1.050   1.750  0.641280E-01
   1.750   1.750  0.674390E-01
   2.450   1.750  0.697802E-01
   3.150   1.750  0.697802E-01
   3.850   1.750  0.674390E-01
   4.550   1.750  0.641279E-01
   5.250   1.750  0.617867E-01

  -5.250   2.450  0.565348E-01
  -4.550   2.450  0.620213E-01
  -3.850   2.450  0.697802E-01
  -3.150   2.450  0.752667E-01
  -2.450   2.450  0.752667E-01
  -1.750   2.450  0.697802E-01
  -1.050   2.450  0.620213E-01
  -0.350   2.450  0.565348E-01
   0.350   2.450  0.565348E-01
   1.050   2.450  0.620213E-01
   1.750   2.450  0.697802E-01
   2.450   2.450  0.752667E-01
   3.150   2.450  0.752667E-01
   3.850   2.450  0.697802E-01
   4.550   2.450  0.620213E-01
   5.250   2.450  0.565348E-01

  -5.250   3.150  0.565348E-01
  -4.550   3.150  0.620213E-01
  -3.850   3.150  0.697802E-01
  -3.150   3.150  0.752667E-01
  -2.450   3.150  0.752667E-01
  -1.750   3.150  0.697802E-01
  -1.050   3.150  0.620213E-01
  -0.350   3.150  0.565348E-01
   0.350   3.150  0.565348E-01
   1.050   3.150  0.620213E-01
   1.750   3.150  0.697802E-01
   2.450   3.150  0.752667E-01
   3.150   3.150  0.752667E-01
   3.850   3.150  0.697802E-01
   4.550   3.150  0.620213E-01
   5.250   3.150  0.565348E-01

  -5.250   3.850  0.617867E-01
  -4.550   3.850  0.641280E-01
  -3.850   3.850  0.674390E-01
  -3.150   3.850  0.697802E-01
  -2.450   3.850  0.697802E-01
  -1.750   3.850  0.674390E-01
  -1.050   3.850  0.641279E-01
  -0.350   3.850  0.617867E-01
   0.350   3.850  0.617867E-01
   1.050   3.850  0.641279E-01
   1.750   3.850  0.674390E-01
   2.450   3.850  0.697802E-01
   3.150   3.850  0.697802E-01
   3.850   3.850  0.674390E-01
   4.550   3.850  0.641280E-01
   5.250   3.850  0.617867E-01

  -5.250   4.550  0.692139E-01
  -4.550   4.550  0.671072E-01
  -3.850   4.550  0.641279E-01
  -3.150   4.550  0.620213E-01
  -2.450   4.550  0.620212E-01
  -1.750   4.550  0.641279E-01
  -1.050   4.550  0.671072E-01
  -0.350   4.550  0.692139E-01
   0.350   4.550  0.692139E-01
   1.050   4.550  0.671072E-01
   1.750   4.550  0.641279E-01
   2.450   4.550  0.620212E-01
   3.150   4.550  0.620213E-01
   3.850   4.550  0.641279E-01
   4.550   4.550  0.671072E-01
   5.250   4.550  0.692139E-01

  -5.250   5.250  0.744657E-01
  -4.550   5.250  0.692139E-01
  -3.850   5.250  0.617867E-01
  -3.150   5.250  0.565348E-01
  -2.450   5.250  0.565348E-01
  -1.750   5.250  0.617866E-01
  -1.050   5.250  0.692139E-01
  -0.350   5.250  0.744657E-01
   0.350   5.250  0.744657E-01
   1.050   5.250  0.692139E-01
   1.750   5.250  0.617866E-01
   2.450   5.250  0.565348E-01
   3.150   5.250  0.565348E-01
   3.850   5.250  0.617867E-01
   4.550   5.250  0.692139E-01
   5.250   5.250  0.744657E-01

