# Fy(IVP,new00) computed with oldcut 120Sn
# 1D
  -45.00  5.28585E-60  5.28585E-60
  -44.90  9.46748E-58  9.52034E-58
  -44.80  1.53435E-55  1.54387E-55
  -44.70  2.25002E-53  2.26545E-53
  -44.60  2.98550E-51  3.00815E-51
  -44.50  3.58442E-49  3.61450E-49
  -44.40  3.89396E-47  3.93010E-47
  -44.30  3.82767E-45  3.86697E-45
  -44.20  3.40446E-43  3.44313E-43
  -44.10  2.73989E-41  2.77432E-41
  -44.00  1.99520E-39  2.02295E-39
  -43.90  1.31466E-37  1.33489E-37
  -43.80  7.83805E-36  7.97154E-36
  -43.70  4.22839E-34  4.30810E-34
  -43.60  2.06401E-32  2.10709E-32
  -43.50  9.11631E-31  9.32702E-31
  -43.40  3.64332E-29  3.73659E-29
  -43.30  1.31749E-27  1.35485E-27
  -43.20  4.31087E-26  4.44635E-26
  -43.10  1.27631E-24  1.32077E-24
  -43.00  3.41912E-23  3.55120E-23
  -42.90  8.28792E-22  8.64304E-22
  -42.80  1.81780E-20  1.90423E-20
  -42.70  3.60760E-19  3.79803E-19
  -42.60  6.47830E-18  6.85811E-18
  -42.50  1.05263E-16  1.12121E-16
  -42.40  1.54760E-15  1.65972E-15
  -42.30  2.05879E-14  2.22476E-14
  -42.20  2.47820E-13  2.70068E-13
  -42.10  2.69918E-12  2.96925E-12
  -42.00  2.66010E-11  2.95702E-11
  -41.90  2.37211E-10  2.66781E-10
  -41.80  1.91400E-09  2.18078E-09
  -41.70  1.39739E-08  1.61547E-08
  -41.60  9.23137E-08  1.08468E-07
  -41.50  5.51804E-07  6.60273E-07
  -41.40  2.98452E-06  3.64479E-06
  -41.30  1.46061E-05  1.82509E-05
  -41.20  6.46791E-05  8.29299E-05
  -41.10  2.59158E-04  3.42088E-04
  -41.00  9.39584E-04  1.28167E-03
  -40.90  3.08232E-03  4.36399E-03
  -40.80  9.14935E-03  1.35133E-02
  -40.70  2.45738E-02  3.80872E-02
  -40.60  5.97209E-02  9.78081E-02
  -40.50  0.13133      0.22913    
  -40.40  0.26130      0.49044    
  -40.30  0.47045      0.96088    
  -40.20  0.76638       1.7273    
  -40.10   1.1297       2.8569    
  -40.00   1.5067       4.3636    
  -39.90   1.8183       6.1820    
  -39.80   1.9856       8.1676    
  -39.70   1.9619       10.130    
  -39.60   1.7540       11.884    
  -39.50   1.4190       13.303    
  -39.40   1.0387       14.341    
  -39.30  0.68793       15.029    
  -39.20  0.41227       15.441    
  -39.10  0.22356       15.665    
  -39.00  0.10969       15.775    
  -38.90  4.87002E-02   15.823    
  -38.80  1.95638E-02   15.843    
  -38.70  7.11128E-03   15.850    
  -38.60  2.33890E-03   15.852    
  -38.50  6.96061E-04   15.853    
  -38.40  1.87436E-04   15.853    
  -38.30  4.56698E-05   15.853    
  -38.20  1.00688E-05   15.853    
  -38.10  2.00860E-06   15.853    
  -38.00  3.62561E-07   15.853    
  -37.90  5.92161E-08   15.853    
  -37.80  8.75122E-09   15.853    
  -37.70  1.17022E-09   15.853    
  -37.60  1.41592E-10   15.853    
  -37.50  1.55017E-11   15.853    
  -37.40  1.53564E-12   15.853    
  -37.30  1.37656E-13   15.853    
  -37.20  1.12925E-14   15.853    
  -37.10  2.74135E-15   15.853    
  -37.00  2.60881E-14   15.853    
  -36.90  3.19067E-13   15.853    
  -36.80  3.53826E-12   15.853    
  -36.70  3.55036E-11   15.853    
  -36.60  3.22349E-10   15.853    
  -36.50  2.64820E-09   15.853    
  -36.40  1.96855E-08   15.853    
  -36.30  1.32407E-07   15.853    
  -36.20  8.05837E-07   15.853    
  -36.10  4.43766E-06   15.853    
  -36.00  2.21122E-05   15.853    
  -35.90  9.96964E-05   15.853    
  -35.80  4.06724E-04   15.854    
  -35.70  1.50138E-03   15.855    
  -35.60  5.01485E-03   15.860    
  -35.50  1.51566E-02   15.876    
  -35.40  4.14502E-02   15.917    
  -35.30  0.10258       16.020    
  -35.20  0.22971       16.249    
  -35.10  0.46556       16.715    
  -35.00  0.85407       17.569    
  -34.90   1.4187       18.988    
  -34.80   2.1354       21.123    
  -34.70   2.9157       24.039    
  -34.60   3.6200       27.659    
  -34.50   4.1044       31.763    
  -34.40   4.2823       36.045    
  -34.30   4.1648       40.210    
  -34.20   3.8509       44.061    
  -34.10   3.4697       47.531    
  -34.00   3.1137       50.645    
  -33.90   2.8036       53.448    
  -33.80   2.5026       55.951    
  -33.70   2.1630       58.114    
  -33.60   1.7673       59.881    
  -33.50   1.3408       61.222    
  -33.40  0.93389       62.156    
  -33.30  0.59320       62.749    
  -33.20  0.34237       63.091    
  -33.10  0.17919       63.270    
  -33.00  8.49595E-02   63.355    
  -32.90  3.64707E-02   63.392    
  -32.80  1.41705E-02   63.406    
  -32.70  4.98273E-03   63.411    
  -32.60  1.58547E-03   63.413    
  -32.50  4.56499E-04   63.413    
  -32.40  1.18933E-04   63.413    
  -32.30  2.80376E-05   63.413    
  -32.20  5.98072E-06   63.413    
  -32.10  1.15435E-06   63.413    
  -32.00  2.01602E-07   63.413    
  -31.90  3.18685E-08   63.413    
  -31.80  4.65730E-09   63.413    
  -31.70  1.48913E-09   63.413    
  -31.60  7.24958E-09   63.413    
  -31.50  5.18587E-08   63.413    
  -31.40  3.38791E-07   63.413    
  -31.30  2.00296E-06   63.413    
  -31.20  1.07148E-05   63.413    
  -31.10  5.18645E-05   63.413    
  -31.00  2.27157E-04   63.414    
  -30.90  9.00233E-04   63.414    
  -30.80  3.22819E-03   63.418    
  -30.70  1.04747E-02   63.428    
  -30.60  3.07543E-02   63.459    
  -30.50  8.17084E-02   63.541    
  -30.40  0.19644       63.737    
  -30.30  0.42743       64.164    
  -30.20  0.84177       65.006    
  -30.10   1.5008       66.507    
  -30.00   2.4237       68.931    
  -29.90   3.5480       72.479    
  -29.80   4.7143       77.193    
  -29.70   5.6994       82.892    
  -29.60   6.2951       89.188    
  -29.50   6.3954       95.583    
  -29.40   6.0397       101.62    
  -29.30   5.3819       107.00    
  -29.20   4.6068       111.61    
  -29.10   3.8492       115.46    
  -29.00   3.1620       118.62    
  -28.90   2.5404       121.16    
  -28.80   1.9687       123.13    
  -28.70   1.4529       124.58    
  -28.60   1.0254       125.61    
  -28.50  0.73069       126.34    
  -28.40  0.61158       126.95    
  -28.30  0.70231       127.65    
  -28.20   1.0225       128.68    
  -28.10   1.5633       130.24    
  -28.00   2.2662       132.51    
  -27.90   3.0113       135.52    
  -27.80   3.6333       139.15    
  -27.70   3.9702       143.12    
  -27.60   3.9264       147.05    
  -27.50   3.5138       150.56    
  -27.40   2.8454       153.41    
  -27.30   2.0848       155.49    
  -27.20   1.3822       156.87    
  -27.10  0.82919       157.70    
  -27.00  0.45009       158.15    
  -26.90  0.22106       158.37    
  -26.80  9.82431E-02   158.47    
  -26.70  3.95057E-02   158.51    
  -26.60  1.43743E-02   158.53    
  -26.50  4.73246E-03   158.53    
  -26.40  1.40980E-03   158.53    
  -26.30  3.80011E-04   158.53    
  -26.20  9.26844E-05   158.53    
  -26.10  2.04544E-05   158.53    
  -26.00  4.08450E-06   158.53    
  -25.90  7.38008E-07   158.53    
  -25.80  1.20657E-07   158.53    
  -25.70  1.78491E-08   158.53    
  -25.60  2.38925E-09   158.53    
  -25.50  2.90129E-10   158.53    
  -25.40  4.00558E-11   158.53    
  -25.30  8.62790E-11   158.53    
  -25.20  7.49821E-10   158.53    
  -25.10  6.11476E-09   158.53    
  -25.00  4.51370E-08   158.53    
  -24.90  3.01480E-07   158.53    
  -24.80  1.82202E-06   158.53    
  -24.70  9.96369E-06   158.53    
  -24.60  4.93011E-05   158.53    
  -24.50  2.20732E-04   158.53    
  -24.40  8.94216E-04   158.53    
  -24.30  3.27786E-03   158.54    
  -24.20  1.08720E-02   158.55    
  -24.10  3.26287E-02   158.58    
  -24.00  8.86053E-02   158.67    
  -23.90  0.21772       158.89    
  -23.80  0.48405       159.37    
  -23.70  0.97379       160.35    
  -23.60   1.7726       162.12    
  -23.50   2.9196       165.04    
  -23.40   4.3511       169.39    
  -23.30   5.8675       175.26    
  -23.20   7.1595       182.42    
  -23.10   7.9045       190.32    
  -23.00   7.8966       198.22    
  -22.90   7.1380       205.35    
  -22.80   5.8383       211.19    
  -22.70   4.3208       215.51    
  -22.60   2.8934       218.41    
  -22.50   1.7532       220.16    
  -22.40  0.96121       221.12    
  -22.30  0.47685       221.60    
  -22.20  0.21407       221.81    
  -22.10  8.70389E-02   221.90    
  -22.00  3.23629E-02   221.93    
  -21.90  1.21451E-02   221.94    
  -21.80  8.26989E-03   221.95    
  -21.70  1.61868E-02   221.97    
  -21.60  4.20574E-02   222.01    
  -21.50  0.10348       222.11    
  -21.40  0.23136       222.35    
  -21.30  0.46822       222.81    
  -21.20  0.85742       223.67    
  -21.10   1.4207       225.09    
  -21.00   2.1301       227.22    
  -20.90   2.8897       230.11    
  -20.80   3.5472       233.66    
  -20.70   3.9400       237.60    
  -20.60   3.9597       241.56    
  -20.50   3.6009       245.16    
  -20.40   2.9632       248.12    
  -20.30   2.2072       250.33    
  -20.20   1.4905       251.82    
  -20.10  0.91982       252.74    
  -20.00  0.54004       253.28    
  -19.90  0.35542       253.64    
  -19.80  0.36505       254.00    
  -19.70  0.59067       254.59    
  -19.60   1.0824       255.67    
  -19.50   1.8957       257.57    
  -19.40   3.0432       260.61    
  -19.30   4.4421       265.05    
  -19.20   5.8879       270.94    
  -19.10   7.0875       278.03    
  -19.00   7.7501       285.78    
  -18.90   7.7014       293.48    
  -18.80   6.9572       300.44    
  -18.70   5.7154       306.15    
  -18.60   4.2713       310.43    
  -18.50   2.9046       313.33    
  -18.40   1.7977       315.13    
  -18.30   1.0129       316.14    
  -18.20  0.51953       316.66    
  -18.10  0.24261       316.90    
  -18.00  0.10314       317.01    
  -17.90  3.99150E-02   317.05    
  -17.80  1.40578E-02   317.06    
  -17.70  4.50485E-03   317.06    
  -17.60  1.31308E-03   317.07    
  -17.50  3.48029E-04   317.07    
  -17.40  8.38754E-05   317.07    
  -17.30  1.85582E-05   317.07    
  -17.20  4.92140E-06   317.07    
  -17.10  7.84733E-06   317.07    
  -17.00  3.68704E-05   317.07    
  -16.90  1.70131E-04   317.07    
  -16.80  7.12285E-04   317.07    
  -16.70  2.69857E-03   317.07    
  -16.60  9.25090E-03   317.08    
  -16.50  2.86949E-02   317.11    
  -16.40  8.05373E-02   317.19    
  -16.30  0.20453       317.39    
  -16.20  0.46999       317.86    
  -16.10  0.97723       318.84    
  -16.00   1.8385       320.68    
  -15.90   3.1298       323.81    
  -15.80   4.8209       328.63    
  -15.70   6.7192       335.35    
  -15.60   8.4737       343.82    
  -15.50   9.6694       353.49    
  -15.40   9.9838       363.48    
  -15.30   9.3275       372.80    
  -15.20   7.8850       380.69    
  -15.10   6.0313       386.72    
  -15.00   4.1744       390.89    
  -14.90   2.6142       393.51    
  -14.80   1.4814       394.99    
  -14.70  0.75955       395.75    
  -14.60  0.35238       396.10    
  -14.50  0.14793       396.25    
  -14.40  5.61890E-02   396.31    
  -14.30  1.93119E-02   396.32    
  -14.20  6.00577E-03   396.33    
  -14.10  1.68999E-03   396.33    
  -14.00  4.30297E-04   396.33    
  -13.90  9.91343E-05   396.33    
  -13.80  2.06657E-05   396.33    
  -13.70  3.89805E-06   396.33    
  -13.60  6.65295E-07   396.33    
  -13.50  1.02743E-07   396.33    
  -13.40  1.43569E-08   396.33    
  -13.30  1.81539E-09   396.33    
  -13.20  2.09179E-10   396.33    
  -13.10  3.73836E-11   396.33    
  -13.00  1.54089E-10   396.33    
  -12.90  1.31752E-09   396.33    
  -12.80  1.03256E-08   396.33    
  -12.70  7.32311E-08   396.33    
  -12.60  4.69947E-07   396.33    
  -12.50  2.72881E-06   396.33    
  -12.40  1.43373E-05   396.33    
  -12.30  6.81605E-05   396.33    
  -12.20  2.93203E-04   396.33    
  -12.10  1.14123E-03   396.33    
  -12.00  4.01931E-03   396.34    
  -11.90  1.28085E-02   396.35    
  -11.80  3.69332E-02   396.39    
  -11.70  9.63618E-02   396.48    
  -11.60  0.22749       396.71    
  -11.50  0.48595       397.20    
  -11.40  0.93928       398.14    
  -11.30   1.6427       399.78    
  -11.20   2.5996       402.38    
  -11.10   3.7224       406.10    
  -11.00   4.8229       410.92    
  -10.90   5.6545       416.58    
  -10.80   5.9997       422.58    
  -10.70   5.7639       428.34    
  -10.60   5.0221       433.36    
  -10.50   3.9923       437.36    
  -10.40   2.9550       440.31    
  -10.30   2.1687       442.48    
  -10.20   1.8197       444.30    
  -10.10   2.0084       446.31    
  -10.00   2.7473       449.06    
   -9.90   3.9465       453.00    
   -9.80   5.3954       458.40    
   -9.70   6.7753       465.17    
   -9.60   7.7321       472.91    
   -9.50   7.9964       480.90    
   -9.40   7.4925       488.39    
   -9.30   6.3716       494.77    
   -9.20   4.9466       499.71    
   -9.10   3.5682       503.28    
   -9.00   2.5095       505.79    
   -8.90   1.9102       507.70    
   -8.80   1.7828       509.48    
   -8.70   2.0547       511.54    
   -8.60   2.6108       514.15    
   -8.50   3.3218       517.47    
   -8.40   4.0560       521.53    
   -8.30   4.6841       526.21    
   -8.20   5.0907       531.30    
   -8.10   5.1993       536.50    
   -8.00   5.0119       541.51    
   -7.90   4.6424       546.16    
   -7.80   4.3168       550.47    
   -7.70   4.3237       554.80    
   -7.60   4.9146       559.71    
   -7.50   6.1846       565.89    
   -7.40   7.9838       573.88    
   -7.30   9.9118       583.79    
   -7.20   11.427       595.22    
   -7.10   12.046       607.26    
   -7.00   11.538       618.80    
   -6.90   10.015       628.82    
   -6.80   7.8712       636.69    
   -6.70   5.5988       642.29    
   -6.60   3.6038       645.89    
   -6.50   2.0990       647.99    
   -6.40   1.1062       649.10    
   -6.30  0.52753       649.62    
   -6.20  0.22763       649.85    
   -6.10  8.88732E-02   649.94    
   -6.00  3.13970E-02   649.97    
   -5.90  1.00363E-02   649.98    
   -5.80  2.90290E-03   649.98    
   -5.70  7.59732E-04   649.99    
   -5.60  1.79912E-04   649.99    
   -5.50  3.85504E-05   649.99    
   -5.40  7.47427E-06   649.99    
   -5.30  1.31123E-06   649.99    
   -5.20  2.08142E-07   649.99    
   -5.10  2.98959E-08   649.99    
   -5.00  3.88538E-09   649.99    
   -4.90  4.56905E-10   649.99    
   -4.80  4.86172E-11   649.99    
   -4.70  4.68084E-12   649.99    
   -4.60  4.07782E-13   649.99    
   -4.50  3.21442E-14   649.99    
   -4.40  2.29270E-15   649.99    
   -4.30  1.47967E-16   649.99    
   -4.20  8.64073E-18   649.99    
   -4.10  4.56570E-19   649.99    
   -4.00  2.18291E-20   649.99    
   -3.90  9.44351E-22   649.99    
   -3.80  3.69660E-23   649.99    
   -3.70  1.30931E-24   649.99    
   -3.60  4.19615E-26   649.99    
   -3.50  1.21683E-27   649.99    
   -3.40  3.19288E-29   649.99    
   -3.30  7.58061E-31   649.99    
   -3.20  1.62854E-32   649.99    
   -3.10  3.19972E-34   649.99    
   -3.00  1.99873E-34   649.99    
   -2.90  1.00167E-32   649.99    
   -2.80  4.67226E-31   649.99    
   -2.70  1.97199E-29   649.99    
   -2.60  7.53100E-28   649.99    
   -2.50  2.60238E-26   649.99    
   -2.40  8.13693E-25   649.99    
   -2.30  2.30208E-23   649.99    
   -2.20  5.89319E-22   649.99    
   -2.10  1.36506E-20   649.99    
   -2.00  2.86103E-19   649.99    
   -1.90  5.42581E-18   649.99    
   -1.80  9.31059E-17   649.99    
   -1.70  1.44564E-15   649.99    
   -1.60  2.03102E-14   649.99    
   -1.50  2.58189E-13   649.99    
   -1.40  2.96984E-12   649.99    
   -1.30  3.09099E-11   649.99    
   -1.20  2.91094E-10   649.99    
   -1.10  2.48050E-09   649.99    
   -1.00  1.91257E-08   649.99    
   -0.90  1.33433E-07   649.99    
   -0.80  8.42330E-07   649.99    
   -0.70  4.81139E-06   649.99    
   -0.60  2.48674E-05   649.99    
   -0.50  1.16295E-04   649.99    
   -0.40  4.92107E-04   649.99    
   -0.30  1.88421E-03   649.99    
   -0.20  6.52787E-03   649.99    
   -0.10  2.04637E-02   650.02    
    0.00  5.80451E-02   650.07    
    0.10  0.14898       650.22    
    0.20  0.34597       650.57    
    0.30  0.72700       651.30    
    0.40   1.3823       652.68    
    0.50   2.3781       655.06    
    0.60   3.7020       658.76    
    0.70   5.2146       663.97    
    0.80   6.6461       670.62    
    0.90   7.6645       678.28    
    1.00   7.9978       686.28    
    1.10   7.5514       693.83    
    1.20   6.4515       700.28    
    1.30   4.9872       705.27    
    1.40   3.4884       708.76    
    1.50   2.2078       710.97    
    1.60   1.2644       712.23    
    1.70  0.65518       712.89    
    1.80  0.30719       713.19    
    1.90  0.13033       713.32    
    2.00  5.00299E-02   713.37    
    2.10  1.73778E-02   713.39    
    2.20  5.46170E-03   713.40    
    2.30  1.55322E-03   713.40    
    2.40  3.99677E-04   713.40    
    2.50  9.30583E-05   713.40    
    2.60  1.96056E-05   713.40    
    2.70  3.74061E-06   713.40    
    2.80  6.70438E-07   713.40    
    2.90  2.82970E-07   713.40    
    3.00  1.18062E-06   713.40    
    3.10  6.75280E-06   713.40    
    3.20  3.53582E-05   713.40    
    3.30  1.67583E-04   713.40    
    3.40  7.18822E-04   713.40    
    3.50  2.79060E-03   713.40    
    3.60  9.80660E-03   713.41    
    3.70  3.12010E-02   713.44    
    3.80  8.99039E-02   713.53    
    3.90  0.23471       713.77    
    4.00  0.55557       714.32    
    4.10   1.1934       715.52    
    4.20   2.3298       717.85    
    4.30   4.1419       721.99    
    4.40   6.7247       728.71    
    4.50   10.010       738.72    
    4.60   13.729       752.45    
    4.70   17.456       769.91    
    4.80   20.711       790.62    
    4.90   23.066       813.69    
    5.00   24.216       837.90    
    5.10   23.994       861.90    
    5.20   22.394       884.29    
    5.30   19.606       903.90    
    5.40   16.037       919.93    
    5.50   12.253       932.19    
    5.60   8.8389       941.02    
    5.70   6.2339       947.26    
    5.80   4.6207       951.88    
    5.90   3.9130       955.79    
    6.00   3.8280       959.62    
    6.10   4.0027       963.62    
    6.20   4.1116       967.73    
    6.30   3.9536       971.69    
    6.40   3.4848       975.17    
    6.50   2.7933       977.97    
    6.60   2.0313       980.00    
    6.70   1.3431       981.34    
    6.80  0.81855       982.16    
    6.90  0.48741       982.65    
    7.00  0.33984       982.99    
    7.10  0.35338       983.34    
    7.20  0.50738       983.85    
    7.30  0.77996       984.63    
    7.40   1.1344       985.76    
    7.50   1.5083       987.27    
    7.60   1.8189       989.09    
    7.70   1.9858       991.07    
    7.80   1.9618       993.04    
    7.90   1.7538       994.79    
    8.00   1.4186       996.21    
    8.10   1.0383       997.25    
    8.20  0.68761       997.93    
    8.30  0.41204       998.35    
    8.40  0.22341       998.57    
    8.50  0.10961       998.68    
    8.60  4.86582E-02   998.73    
    8.70  1.95450E-02   998.75    
    8.80  7.10373E-03   998.76    
    8.90  2.33619E-03   998.76    
    9.00  6.95183E-04   998.76    
    9.10  1.87181E-04   998.76    
    9.20  4.56031E-05   998.76    
    9.30  1.00530E-05   998.76    
    9.40  2.00526E-06   998.76    
    9.50  3.61923E-07   998.76    
    9.60  5.91059E-08   998.76    
    9.70  8.73407E-09   998.76    
    9.80  1.16781E-09   998.76    
    9.90  1.41286E-10   998.76    
   10.00  1.54667E-11   998.76    
   10.10  1.53202E-12   998.76    
   10.20  1.37310E-13   998.76    
   10.30  1.11355E-14   998.76    
   10.40  8.17129E-16   998.76    
   10.50  5.42551E-17   998.76    
   10.60  3.25957E-18   998.76    
   10.70  1.77195E-19   998.76    
   10.80  8.71593E-21   998.76    
   10.90  3.87923E-22   998.76    
   11.00  1.56224E-23   998.76    
   11.10  5.69274E-25   998.76    
   11.20  1.87701E-26   998.76    
   11.30  5.59989E-28   998.76    
   11.40  1.51170E-29   998.76    
   11.50  3.69250E-31   998.76    
   11.60  8.16105E-33   998.76    
   11.70  1.63208E-34   998.76    
   11.80  2.95332E-36   998.76    
   11.90  4.84131E-38   998.76    
   12.00  4.98200E-39   998.76    
   12.10  2.86752E-37   998.76    
   12.20  1.74411E-35   998.76    
   12.30  9.59899E-34   998.76    
   12.40  4.78023E-32   998.76    
   12.50  2.15398E-30   998.76    
   12.60  8.78225E-29   998.76    
   12.70  3.23997E-27   998.76    
   12.80  1.08155E-25   998.76    
   12.90  3.26679E-24   998.76    
   13.00  8.92828E-23   998.76    
   13.10  2.20793E-21   998.76    
   13.20  4.94051E-20   998.76    
   13.30  1.00030E-18   998.76    
   13.40  1.83257E-17   998.76    
   13.50  3.03781E-16   998.76    
   13.60  4.55650E-15   998.76    
   13.70  6.18407E-14   998.76    
   13.80  7.59432E-13   998.76    
   13.90  8.43872E-12   998.76    
   14.00  8.48474E-11   998.76    
   14.10  7.71925E-10   998.76    
   14.20  6.35463E-09   998.76    
   14.30  4.73355E-08   998.76    
   14.40  3.19060E-07   998.76    
   14.50  1.94604E-06   998.76    
   14.60  1.07409E-05   998.76    
   14.70  5.36488E-05   998.76    
   14.80  2.42513E-04   998.76    
   14.90  9.92231E-04   998.76    
   15.00  3.67500E-03   998.76    
   15.10  1.23244E-02   998.78    
   15.20  3.74361E-02   998.81    
   15.30  0.10305       998.92    
   15.40  0.25725       999.17    
   15.50  0.58306       999.76    
   15.60   1.2017       1001.0    
   15.70   2.2575       1003.2    
   15.80   3.8778       1007.1    
   15.90   6.1172       1013.2    
   16.00   8.9114       1022.1    
   16.10   12.068       1034.2    
   16.20   15.300       1049.5    
   16.30   18.281       1067.8    
   16.40   20.689       1088.5    
   16.50   22.248       1110.7    
   16.60   22.777       1133.5    
   16.70   22.273       1155.8    
   16.80   20.983       1176.7    
   16.90   19.388       1196.1    
   17.00   18.083       1214.2    
   17.10   17.585       1231.8    
   17.20   18.145       1249.9    
   17.30   19.662       1269.6    
   17.40   21.713       1291.3    
   17.50   23.671       1315.0    
   17.60   24.884       1339.9    
   17.70   24.847       1364.7    
   17.80   23.338       1388.1    
   17.90   20.481       1408.5    
   18.00   16.703       1425.2    
   18.10   12.607       1437.8    
   18.20   8.7988       1446.6    
   18.30   5.7345       1452.4    
   18.40   3.6673       1456.0    
   18.50   2.6865       1458.7    
   18.60   2.8053       1461.5    
   18.70   4.0146       1465.6    
   18.80   6.2521       1471.8    
   18.90   9.2995       1481.1    
   19.00   12.688       1493.8    
   19.10   15.714       1509.5    
   19.20   17.625       1527.1    
   19.30   17.890       1545.0    
   19.40   16.432       1561.5    
   19.50   13.657       1575.1    
   19.60   10.270       1585.4    
   19.70   6.9884       1592.4    
   19.80   4.3027       1596.7    
   19.90   2.3971       1599.1    
   20.00   1.2083       1600.3    
   20.10  0.55115       1600.8    
   20.20  0.22747       1601.1    
   20.30  8.49448E-02   1601.1    
   20.40  2.87030E-02   1601.2    
   20.50  8.77584E-03   1601.2    
   20.60  2.42784E-03   1601.2    
   20.70  6.07746E-04   1601.2    
   20.80  1.37656E-04   1601.2    
   20.90  2.82123E-05   1601.2    
   21.00  5.23181E-06   1601.2    
   21.10  8.77882E-07   1601.2    
   21.20  1.33288E-07   1601.2    
   21.30  1.83112E-08   1601.2    
   21.40  2.27621E-09   1601.2    
   21.50  2.56023E-10   1601.2    
   21.60  2.60565E-11   1601.2    
   21.70  2.39952E-12   1601.2    
   21.80  1.99941E-13   1601.2    
   21.90  1.50748E-14   1601.2    
   22.00  1.02842E-15   1601.2    
   22.10  6.34834E-17   1601.2    
   22.20  3.54585E-18   1601.2    
   22.30  1.79206E-19   1601.2    
   22.40  8.19508E-21   1601.2    
   22.50  3.39098E-22   1601.2    
   22.60  1.26960E-23   1601.2    
   22.70  4.30111E-25   1601.2    
   22.80  1.31845E-26   1601.2    
   22.90  3.65695E-28   1601.2    
   23.00  9.17791E-30   1601.2    
   23.10  2.08420E-31   1601.2    
   23.20  4.28258E-33   1601.2    
   23.30  7.96236E-35   1601.2    
   23.40  1.33952E-36   1601.2    
   23.50  2.03904E-38   1601.2    
   23.60  2.80850E-40   1601.2    
   23.70  3.50020E-42   1601.2    
   23.80  3.94714E-44   1601.2    
   23.90  4.02756E-46   1601.2    
   24.00  3.71854E-48   1601.2    
   24.10  3.10651E-50   1601.2    
   24.20  2.34825E-52   1601.2    
   24.30  1.60615E-54   1601.2    
   24.40  9.94030E-57   1601.2    
   24.50  5.56650E-59   1601.2    
   24.60  2.82057E-61   1601.2    
   24.70  1.29318E-63   1601.2    
   24.80  5.36482E-66   1601.2    
   24.90  2.01382E-68   1601.2    
   25.00  6.84000E-71   1601.2    
   25.10  2.10215E-73   1601.2    
   25.20  5.84574E-76   1601.2    
   25.30  1.47091E-78   1601.2    
   25.40  3.34892E-81   1601.2    
   25.50  6.89912E-84   1601.2    
   25.60  1.28604E-86   1601.2    
   25.70  2.16912E-89   1601.2    
   25.80  3.31042E-92   1601.2    
   25.90  4.57145E-95   1601.2    
   26.00  5.71210E-98   1601.2    
   26.10  6.45814-101   1601.2    
   26.20  6.60678-104   1601.2    
   26.30  6.11565-107   1601.2    
   26.40  5.12232-110   1601.2    
   26.50  3.88205-113   1601.2    
   26.60  2.66211-116   1601.2    
   26.70  1.65181-119   1601.2    
   26.80  9.27399-123   1601.2    
   26.90  4.71132-126   1601.2    
   27.00  2.16566-129   1601.2    
   27.10  9.00756-133   1601.2    
   27.20  3.38996-136   1601.2    
   27.30  1.15439-139   1601.2    
   27.40  3.55699-143   1601.2    
   27.50  9.91705-147   1601.2    
   27.60  2.50180-150   1601.2    
   27.70  5.71075-154   1601.2    
   27.80  1.17952-157   1601.2    
   27.90  2.20438-161   1601.2    
   28.00  3.72768-165   1601.2    
   28.10  5.70377-169   1601.2    
   28.20  7.89688-173   1601.2    
   28.30  9.89281-177   1601.2    
   28.40  1.12138-180   1601.2    
   28.50  6.18182-183   1601.2    
   28.60  5.59846-179   1601.2    
   28.70  4.67463-175   1601.2    
   28.80  3.53181-171   1601.2    
   28.90  2.41445-167   1601.2    
   29.00  1.49351-163   1601.2    
   29.10  8.35930-160   1601.2    
   29.20  4.23352-156   1601.2    
   29.30  1.94001-152   1601.2    
   29.40  8.04410-149   1601.2    
   29.50  3.01801-145   1601.2    
   29.60  1.02455-141   1601.2    
   29.70  3.14717-138   1601.2    
   29.80  8.74732-135   1601.2    
   29.90  2.19989-131   1601.2    
   30.00  5.00607-128   1601.2    
   30.10  1.03078-124   1601.2    
   30.20  1.92044-121   1601.2    
   30.30  3.23750-118   1601.2    
   30.40  4.93842-115   1601.2    
   30.50  6.81612-112   1601.2    
   30.60  8.51249-109   1601.2    
   30.70  9.61938-106   1601.2    
   30.80  9.83575-103   1601.2    
   30.90  9.09995-100   1601.2    
   31.00  7.61800E-97   1601.2    
   31.10  5.77050E-94   1601.2    
   31.20  3.95509E-91   1601.2    
   31.30  2.45284E-88   1601.2    
   31.40  1.37643E-85   1601.2    
   31.50  6.98889E-83   1601.2    
   31.60  3.21095E-80   1601.2    
   31.70  1.33484E-77   1601.2    
   31.80  5.02106E-75   1601.2    
   31.90  1.70896E-72   1601.2    
   32.00  5.26308E-70   1601.2    
   32.10  1.46662E-67   1601.2    
   32.20  3.69799E-65   1601.2    
   32.30  8.43695E-63   1601.2    
   32.40  1.74171E-60   1601.2    
   32.50  3.25338E-58   1601.2    
   32.60  5.49877E-56   1601.2    
   32.70  8.40944E-54   1601.2    
   32.80  1.16369E-51   1601.2    
   32.90  1.45707E-49   1601.2    
   33.00  1.65080E-47   1601.2    
   33.10  1.69230E-45   1601.2    
   33.20  1.56975E-43   1601.2    
   33.30  1.31752E-41   1601.2    
   33.40  1.00058E-39   1601.2    
   33.50  6.87570E-38   1601.2    
   33.60  4.27517E-36   1601.2    
   33.70  2.40525E-34   1601.2    
   33.80  1.22444E-32   1601.2    
   33.90  5.64007E-31   1601.2    
   34.00  2.35073E-29   1601.2    
   34.10  8.86528E-28   1601.2    
   34.20  3.02518E-26   1601.2    
   34.30  9.34075E-25   1601.2    
   34.40  2.60965E-23   1601.2    
   34.50  6.59711E-22   1601.2    
   34.60  1.50902E-20   1601.2    
   34.70  3.12326E-19   1601.2    
   34.80  5.84912E-18   1601.2    
   34.90  9.91160E-17   1601.2    
   35.00  1.51973E-15   1601.2    
   35.10  2.10845E-14   1601.2    
   35.20  2.64684E-13   1601.2    
   35.30  3.00651E-12   1601.2    
   35.40  3.09008E-11   1601.2    
   35.50  2.87373E-10   1601.2    
   35.60  2.41820E-09   1601.2    
   35.70  1.84124E-08   1601.2    
   35.80  1.26853E-07   1601.2    
   35.90  7.90784E-07   1601.2    
   36.00  4.46054E-06   1601.2    
   36.10  2.27660E-05   1601.2    
   36.20  1.05138E-04   1601.2    
   36.30  4.39338E-04   1601.2    
   36.40  1.66116E-03   1601.2    
   36.50  5.68320E-03   1601.2    
   36.60  1.75932E-02   1601.2    
   36.70  4.92798E-02   1601.3    
   36.80  0.12490       1601.4    
   36.90  0.28644       1601.7    
   37.00  0.59438       1602.3    
   37.10   1.1160       1603.4    
   37.20   1.8960       1605.3    
   37.30   2.9147       1608.2    
   37.40   4.0542       1612.2    
   37.50   5.1026       1617.3    
   37.60   5.8110       1623.2    
   37.70   5.9880       1629.1    
   37.80   5.5832       1634.7    
   37.90   4.7103       1639.4    
   38.00   3.5958       1643.0    
   38.10   2.4837       1645.5    
   38.20   1.5523       1647.1    
   38.30  0.87788       1648.0    
   38.40  0.44922       1648.4    
   38.50  0.20800       1648.6    
   38.60  8.71399E-02   1648.7    
   38.70  3.30333E-02   1648.7    
   38.80  1.13307E-02   1648.7    
   38.90  3.51667E-03   1648.7    
   39.00  9.87592E-04   1648.7    
   39.10  2.50954E-04   1648.7    
   39.20  5.77007E-05   1648.7    
   39.30  1.20044E-05   1648.7    
   39.40  2.25979E-06   1648.7    
   39.50  3.84916E-07   1648.7    
   39.60  5.93247E-08   1648.7    
   39.70  8.27323E-09   1648.7    
   39.80  1.04396E-09   1648.7    
   39.90  1.19197E-10   1648.7    
   40.00  1.23145E-11   1648.7    
   40.10  1.15117E-12   1648.7    
   40.20  9.73717E-14   1648.7    
   40.30  7.45240E-15   1648.7    
   40.40  5.16095E-16   1648.7    
   40.50  3.23396E-17   1648.7    
   40.60  1.83362E-18   1648.7    
   40.70  9.40711E-20   1648.7    
   40.80  4.37759E-21   1648.7    
   40.90  4.61963E-22   1648.7    
   41.00  6.55263E-21   1648.7    
   41.10  1.39185E-19   1648.7    
   41.20  2.67794E-18   1648.7    
   41.30  4.66208E-17   1648.7    
   41.40  7.34394E-16   1648.7    
   41.50  1.04677E-14   1648.7    
   41.60  1.35002E-13   1648.7    
   41.70  1.57544E-12   1648.7    
   41.80  1.66354E-11   1648.7    
   41.90  1.58941E-10   1648.7    
   42.00  1.37407E-09   1648.7    
   42.10  1.07487E-08   1648.7    
   42.20  7.60796E-08   1648.7    
   42.30  4.87251E-07   1648.7    
   42.40  2.82363E-06   1648.7    
   42.50  1.48059E-05   1648.7    
   42.60  7.02475E-05   1648.7    
   42.70  3.01577E-04   1648.7    
   42.80  1.17148E-03   1648.7    
   42.90  4.11760E-03   1648.7    
   43.00  1.30955E-02   1648.8    
   43.10  3.76853E-02   1648.8    
   43.20  9.81277E-02   1648.9    
   43.30  0.23120       1649.1    
   43.40  0.49288       1649.6    
   43.50  0.95077       1650.6    
   43.60   1.6595       1652.2    
   43.70   2.6209       1654.9    
   43.80   3.7453       1658.6    
   43.90   4.8429       1663.4    
   44.00   5.6662       1669.1    
   44.10   5.9985       1675.1    
   44.20   5.7461       1680.9    
   44.30   4.9804       1685.8    
   44.40   3.9060       1689.7    
   44.50   2.7718       1692.5    
   44.60   1.7798       1694.3    
   44.70   1.0341       1695.3    
   44.80  0.54363       1695.9    
   44.90  0.25860       1696.1    
   45.00  0.11130       1696.2    


# 2D
  -45.00  6.03364E-22  6.03364E-22
  -44.90  1.33680E-20  1.39714E-20
  -44.80  2.67994E-19  2.81966E-19
  -44.70  4.86132E-18  5.14329E-18
  -44.60  7.97910E-17  8.49343E-17
  -44.50  1.18502E-15  1.26995E-15
  -44.40  1.59244E-14  1.71944E-14
  -44.30  1.93631E-13  2.10826E-13
  -44.20  2.13038E-12  2.34121E-12
  -44.10  2.12085E-11  2.35497E-11
  -44.00  1.91043E-10  2.14593E-10
  -43.90  1.55713E-09  1.77172E-09
  -43.80  1.14839E-08  1.32556E-08
  -43.70  7.66343E-08  8.98899E-08
  -43.60  4.62731E-07  5.52620E-07
  -43.50  2.52815E-06  3.08078E-06
  -43.40  1.24983E-05  1.55790E-05
  -43.30  5.59070E-05  7.14860E-05
  -43.20  2.26284E-04  2.97770E-04
  -43.10  8.28726E-04  1.12650E-03
  -43.00  2.74624E-03  3.87274E-03
  -42.90  8.23451E-03  1.21073E-02
  -42.80  2.23412E-02  3.44485E-02
  -42.70  5.48463E-02  8.92948E-02
  -42.60  0.12183      0.21113    
  -42.50  0.24487      0.45600    
  -42.40  0.44534      0.90134    
  -42.30  0.73285       1.6342    
  -42.20   1.0912       2.7254    
  -42.10   1.4702       4.1956    
  -42.00   1.7923       5.9878    
  -41.90   1.9770       7.9648    
  -41.80   1.9732       9.9381    
  -41.70   1.7821       11.720    
  -41.60   1.4563       13.176    
  -41.50   1.0768       14.253    
  -41.40  0.72042       14.974    
  -41.30  0.43613       15.410    
  -41.20  0.23890       15.649    
  -41.10  0.11841       15.767    
  -41.00  5.31031E-02   15.820    
  -40.90  2.15491E-02   15.842    
  -40.80  7.91243E-03   15.850    
  -40.70  2.62882E-03   15.852    
  -40.60  7.90282E-04   15.853    
  -40.50  2.14968E-04   15.853    
  -40.40  5.29099E-05   15.853    
  -40.30  1.17834E-05   15.853    
  -40.20  2.37451E-06   15.853    
  -40.10  4.32960E-07   15.853    
  -40.00  7.14319E-08   15.853    
  -39.90  1.06637E-08   15.853    
  -39.80  1.44043E-09   15.853    
  -39.70  1.76056E-10   15.853    
  -39.60  1.94705E-11   15.853    
  -39.50  1.94838E-12   15.853    
  -39.40  1.76418E-13   15.853    
  -39.30  1.44538E-14   15.853    
  -39.20  1.07191E-15   15.853    
  -39.10  7.93999E-17   15.853    
  -39.00  1.27471E-16   15.853    
  -38.90  1.82333E-15   15.853    
  -38.80  2.44432E-14   15.853    
  -38.70  2.96719E-13   15.853    
  -38.60  3.26129E-12   15.853    
  -38.50  3.24568E-11   15.853    
  -38.40  2.92489E-10   15.853    
  -38.30  2.38680E-09   15.853    
  -38.20  1.76379E-08   15.853    
  -38.10  1.18036E-07   15.853    
  -38.00  7.15379E-07   15.853    
  -37.90  3.92674E-06   15.853    
  -37.80  1.95218E-05   15.853    
  -37.70  8.79052E-05   15.853    
  -37.60  3.58538E-04   15.854    
  -37.50  1.32464E-03   15.855    
  -37.40  4.43321E-03   15.860    
  -37.30  1.34404E-02   15.873    
  -37.20  3.69146E-02   15.910    
  -37.10  9.18517E-02   16.002    
  -37.00  0.20706       16.209    
  -36.90  0.42289       16.632    
  -36.80  0.78255       17.414    
  -36.70   1.3120       18.726    
  -36.60   1.9932       20.720    
  -36.50   2.7439       23.463    
  -36.40   3.4234       26.887    
  -36.30   3.8727       30.760    
  -36.20   3.9766       34.736    
  -36.10   3.7176       38.454    
  -36.00   3.1892       41.643    
  -35.90   2.5607       44.204    
  -35.80   2.0121       46.216    
  -35.70   1.6706       47.886    
  -35.60   1.5750       49.461    
  -35.50   1.6754       51.137    
  -35.40   1.8612       52.998    
  -35.30   2.0061       55.004    
  -35.20   2.0145       57.019    
  -35.10   1.8513       58.870    
  -35.00   1.5460       60.416    
  -34.90   1.1701       61.586    
  -34.80  0.80184       62.388    
  -34.70  0.49729       62.885    
  -34.60  0.27909       63.164    
  -34.50  0.14173       63.306    
  -34.40  6.51243E-02   63.371    
  -34.30  2.70773E-02   63.398    
  -34.20  1.01868E-02   63.408    
  -34.10  3.46771E-03   63.412    
  -34.00  1.06811E-03   63.413    
  -33.90  2.97689E-04   63.413    
  -33.80  7.50721E-05   63.413    
  -33.70  1.71303E-05   63.413    
  -33.60  3.53689E-06   63.413    
  -33.50  6.60769E-07   63.413    
  -33.40  1.11699E-07   63.413    
  -33.30  1.70851E-08   63.413    
  -33.20  2.36459E-09   63.413    
  -33.10  2.96118E-10   63.413    
  -33.00  3.35541E-11   63.413    
  -32.90  3.44030E-12   63.413    
  -32.80  3.19167E-13   63.413    
  -32.70  2.67923E-14   63.413    
  -32.60  2.03509E-15   63.413    
  -32.50  1.40908E-16   63.413    
  -32.40  2.72484E-17   63.413    
  -32.30  2.98809E-16   63.413    
  -32.20  4.34396E-15   63.413    
  -32.10  5.72764E-14   63.413    
  -32.00  6.83857E-13   63.413    
  -31.90  7.39372E-12   63.413    
  -31.80  7.23898E-11   63.413    
  -31.70  6.41826E-10   63.413    
  -31.60  5.15336E-09   63.413    
  -31.50  3.74718E-08   63.413    
  -31.40  2.46756E-07   63.413    
  -31.30  1.47160E-06   63.413    
  -31.20  7.94826E-06   63.413    
  -31.10  3.88799E-05   63.413    
  -31.00  1.72247E-04   63.413    
  -30.90  6.91130E-04   63.414    
  -30.80  2.51160E-03   63.417    
  -30.70  8.26667E-03   63.425    
  -30.60  2.46435E-02   63.450    
  -30.50  6.65374E-02   63.516    
  -30.40  0.16271       63.679    
  -30.30  0.36040       64.039    
  -30.20  0.72299       64.762    
  -30.10   1.3137       66.076    
  -30.00   2.1618       68.238    
  -29.90   3.2222       71.460    
  -29.80   4.3499       75.810    
  -29.70   5.3186       81.128    
  -29.60   5.8897       87.018    
  -29.50   5.9069       92.925    
  -29.40   5.3655       98.291    
  -29.30   4.4139       102.70    
  -29.20   3.2885       105.99    
  -29.10   2.2190       108.21    
  -29.00   1.3564       109.57    
  -28.90  0.75246       110.32    
  -28.80  0.38306       110.70    
  -28.70  0.19136       110.90    
  -28.60  0.12512       111.02    
  -28.50  0.15812       111.18    
  -28.40  0.29560       111.47    
  -28.30  0.56652       112.04    
  -28.20   1.0040       113.04    
  -28.10   1.6162       114.66    
  -28.00   2.3577       117.02    
  -27.90   3.1182       120.14    
  -27.80   3.7460       123.88    
  -27.70   4.1036       127.99    
  -27.60   4.1305       132.12    
  -27.50   3.8751       135.99    
  -27.40   3.4705       139.46    
  -27.30   3.0669       142.53    
  -27.20   2.7595       145.29    
  -27.10   2.5543       147.84    
  -27.00   2.3872       150.23    
  -26.90   2.1775       152.41    
  -26.80   1.8798       154.29    
  -26.70   1.5044       155.79    
  -26.60   1.1030       156.90    
  -26.50  0.73628       157.63    
  -26.40  0.44606       158.08    
  -26.30  0.24488       158.32    
  -26.20  0.12173       158.44    
  -26.10  5.47702E-02   158.50    
  -26.00  2.23022E-02   158.52    
  -25.90  8.21786E-03   158.53    
  -25.80  2.74004E-03   158.53    
  -25.70  8.26674E-04   158.53    
  -25.60  2.25676E-04   158.53    
  -25.50  5.57455E-05   158.53    
  -25.40  1.24597E-05   158.53    
  -25.30  2.51998E-06   158.53    
  -25.20  4.62369E-07   158.53    
  -25.10  8.63330E-08   158.53    
  -25.00  8.33515E-08   158.53    
  -24.90  4.70356E-07   158.53    
  -24.80  2.76561E-06   158.53    
  -24.70  1.47609E-05   158.53    
  -24.60  7.12922E-05   158.53    
  -24.50  3.11568E-04   158.53    
  -24.40  1.23209E-03   158.53    
  -24.30  4.40874E-03   158.54    
  -24.20  1.42747E-02   158.55    
  -24.10  4.18214E-02   158.60    
  -24.00  0.11087       158.71    
  -23.90  0.26595       158.97    
  -23.80  0.57727       159.55    
  -23.70   1.1338       160.68    
  -23.60   2.0150       162.70    
  -23.50   3.2403       165.94    
  -23.40   4.7150       170.65    
  -23.30   6.2082       176.86    
  -23.20   7.3964       184.26    
  -23.10   7.9737       192.23    
  -23.00   7.7783       200.01    
  -22.90   6.8657       206.88    
  -22.80   5.4836       212.36    
  -22.70   3.9631       216.32    
  -22.60   2.5917       218.91    
  -22.50   1.5336       220.45    
  -22.40  0.82113       221.27    
  -22.30  0.39783       221.67    
  -22.20  0.17441       221.84    
  -22.10  6.91868E-02   221.91    
  -22.00  2.48345E-02   221.94    
  -21.90  8.06623E-03   221.94    
  -21.80  2.37064E-03   221.95    
  -21.70  6.30440E-04   221.95    
  -21.60  1.51706E-04   221.95    
  -21.50  3.30326E-05   221.95    
  -21.40  6.50826E-06   221.95    
  -21.30  1.16032E-06   221.95    
  -21.20  1.87429E-07   221.95    
  -21.10  2.94574E-08   221.95    
  -21.00  2.00038E-08   221.95    
  -20.90  1.14406E-07   221.95    
  -20.80  7.17339E-07   221.95    
  -20.70  4.08701E-06   221.95    
  -20.60  2.10854E-05   221.95    
  -20.50  9.85100E-05   221.95    
  -20.40  4.16834E-04   221.95    
  -20.30  1.59774E-03   221.95    
  -20.20  5.54888E-03   221.95    
  -20.10  1.74650E-02   221.97    
  -20.00  4.98347E-02   222.02    
  -19.90  0.12896       222.15    
  -19.80  0.30279       222.45    
  -19.70  0.64536       223.10    
  -19.60   1.2495       224.35    
  -19.50   2.1991       226.55    
  -19.40   3.5215       230.07    
  -19.30   5.1358       235.20    
  -19.20   6.8291       242.03    
  -19.10   8.2894       250.32    
  -19.00   9.1970       259.52    
  -18.90   9.3390       268.86    
  -18.80   8.6900       277.55    
  -18.70   7.4185       284.97    
  -18.60   5.8166       290.78    
  -18.50   4.1953       294.98    
  -18.40   2.7953       297.77    
  -18.30   1.7469       299.52    
  -18.20   1.0794       300.60    
  -18.10  0.75803       301.36    
  -18.00  0.72054       302.08    
  -17.90  0.89586       302.98    
  -17.80   1.2046       304.18    
  -17.70   1.5547       305.73    
  -17.60   1.8464       307.58    
  -17.50   1.9933       309.57    
  -17.40   1.9496       311.52    
  -17.30   1.7260       313.25    
  -17.20   1.3827       314.63    
  -17.10   1.0024       315.64    
  -17.00  0.65753       316.29    
  -16.90  0.39048       316.68    
  -16.80  0.21063       316.89    
  -16.70  0.10578       317.00    
  -16.60  5.79132E-02   317.06    
  -16.50  5.73559E-02   317.11    
  -16.40  0.11409       317.23    
  -16.30  0.26740       317.50    
  -16.20  0.59215       318.09    
  -16.10   1.1936       319.28    
  -16.00   2.1787       321.46    
  -15.90   3.5990       325.06    
  -15.80   5.3797       330.44    
  -15.70   7.2764       337.72    
  -15.60   8.9057       346.62    
  -15.50   9.8630       356.48    
  -15.40   9.8841       366.37    
  -15.30   8.9630       375.33    
  -15.20   7.3546       382.69    
  -15.10   5.4608       388.15    
  -15.00   3.6689       391.82    
  -14.90   2.2306       394.05    
  -14.80   1.2271       395.27    
  -14.70  0.61084       395.88    
  -14.60  0.27515       396.16    
  -14.50  0.11215       396.27    
  -14.40  4.13645E-02   396.31    
  -14.30  1.38052E-02   396.33    
  -14.20  4.16913E-03   396.33    
  -14.10  1.13930E-03   396.33    
  -14.00  2.81725E-04   396.33    
  -13.90  6.30379E-05   396.33    
  -13.80  1.27635E-05   396.33    
  -13.70  2.33845E-06   396.33    
  -13.60  3.87684E-07   396.33    
  -13.50  5.81594E-08   396.33    
  -13.40  7.89504E-09   396.33    
  -13.30  9.69960E-10   396.33    
  -13.20  1.09694E-10   396.33    
  -13.10  3.03472E-11   396.33    
  -13.00  1.82261E-10   396.33    
  -12.90  1.52487E-09   396.33    
  -12.80  1.16084E-08   396.33    
  -12.70  7.99889E-08   396.33    
  -12.60  4.98869E-07   396.33    
  -12.50  2.81612E-06   396.33    
  -12.40  1.43890E-05   396.33    
  -12.30  6.65491E-05   396.33    
  -12.20  2.78613E-04   396.33    
  -12.10  1.05594E-03   396.33    
  -12.00  3.62320E-03   396.34    
  -11.90  1.12569E-02   396.35    
  -11.80  3.16736E-02   396.38    
  -11.70  8.07328E-02   396.46    
  -11.60  0.18648       396.65    
  -11.50  0.39059       397.04    
  -11.40  0.74238       397.78    
  -11.30   1.2819       399.06    
  -11.20   2.0141       401.08    
  -11.10   2.8859       403.96    
  -11.00   3.7820       407.74    
  -10.90   4.5514       412.30    
  -10.80   5.0563       417.35    
  -10.70   5.2226       422.58    
  -10.60   5.0656       427.64    
  -10.50   4.6846       432.33    
  -10.40   4.2343       436.56    
  -10.30   3.8865       440.45    
  -10.20   3.7933       444.24    
  -10.10   4.0502       448.29    
  -10.00   4.6630       452.95    
   -9.90   5.5291       458.48    
   -9.80   6.4453       464.93    
   -9.70   7.1542       472.08    
   -9.60   7.4221       479.50    
   -9.50   7.1221       486.63    
   -9.40   6.2838       492.91    
   -9.30   5.0839       497.99    
   -9.20   3.7792       501.77    
   -9.10   2.6191       504.39    
   -9.00   1.7814       506.17    
   -8.90   1.3532       507.53    
   -8.80   1.3479       508.87    
   -8.70   1.7298       510.60    
   -8.60   2.4253       513.03    
   -8.50   3.3190       516.35    
   -8.40   4.2522       520.60    
   -8.30   5.0397       525.64    
   -8.20   5.5150       531.16    
   -8.10   5.5894       536.74    
   -8.00   5.3022       542.05    
   -7.90   4.8355       546.88    
   -7.80   4.4790       551.36    
   -7.70   4.5483       555.91    
   -7.60   5.2719       561.18    
   -7.50   6.6807       567.86    
   -7.40   8.5446       576.41    
   -7.30   10.403       586.81    
   -7.20   11.706       598.52    
   -7.10   12.020       610.54    
   -7.00   11.206       621.74    
   -6.90   9.4652       631.21    
   -6.80   7.2384       638.44    
   -6.70   5.0100       643.45    
   -6.60   3.1381       646.59    
   -6.50   1.7787       648.37    
   -6.40  0.91229       649.28    
   -6.30  0.42342       649.71    
   -6.20  0.17783       649.88    
   -6.10  6.75815E-02   649.95    
   -6.00  2.32410E-02   649.98    
   -5.90  7.23232E-03   649.98    
   -5.80  2.03657E-03   649.99    
   -5.70  5.18941E-04   649.99    
   -5.60  1.19656E-04   649.99    
   -5.50  2.49661E-05   649.99    
   -5.40  4.71374E-06   649.99    
   -5.30  8.05340E-07   649.99    
   -5.20  1.24506E-07   649.99    
   -5.10  1.74182E-08   649.99    
   -5.00  2.20504E-09   649.99    
   -4.90  2.52597E-10   649.99    
   -4.80  2.61843E-11   649.99    
   -4.70  2.45615E-12   649.99    
   -4.60  2.08482E-13   649.99    
   -4.50  1.60134E-14   649.99    
   -4.40  1.11302E-15   649.99    
   -4.30  7.00035E-17   649.99    
   -4.20  3.98420E-18   649.99    
   -4.10  2.05194E-19   649.99    
   -4.00  9.56289E-21   649.99    
   -3.90  4.03290E-22   649.99    
   -3.80  1.53904E-23   649.99    
   -3.70  5.31476E-25   649.99    
   -3.60  1.66082E-26   649.99    
   -3.50  4.69639E-28   649.99    
   -3.40  1.20174E-29   649.99    
   -3.30  2.78266E-31   649.99    
   -3.20  5.83063E-33   649.99    
   -3.10  1.10554E-34   649.99    
   -3.00  1.89688E-36   649.99    
   -2.90  2.94517E-38   649.99    
   -2.80  4.13795E-40   649.99    
   -2.70  5.26944E-42   649.99    
   -2.60  7.99632E-43   649.99    
   -2.50  5.84523E-41   649.99    
   -2.40  4.18274E-39   649.99    
   -2.30  2.70830E-37   649.99    
   -2.20  1.58675E-35   649.99    
   -2.10  8.41186E-34   649.99    
   -2.00  4.03508E-32   649.99    
   -1.90  1.75141E-30   649.99    
   -1.80  6.87866E-29   649.99    
   -1.70  2.44455E-27   649.99    
   -1.60  7.86099E-26   649.99    
   -1.50  2.28740E-24   649.99    
   -1.40  6.02278E-23   649.99    
   -1.30  1.43498E-21   649.99    
   -1.20  3.09386E-20   649.99    
   -1.10  6.03620E-19   649.99    
   -1.00  1.06573E-17   649.99    
   -0.90  1.70282E-16   649.99    
   -0.80  2.46230E-15   649.99    
   -0.70  3.22245E-14   649.99    
   -0.60  3.81710E-13   649.99    
   -0.50  4.09277E-12   649.99    
   -0.40  3.97264E-11   649.99    
   -0.30  3.49122E-10   649.99    
   -0.20  2.77829E-09   649.99    
   -0.10  2.00248E-08   649.99    
    0.00  1.30755E-07   649.99    
    0.10  7.73722E-07   649.99    
    0.20  4.15060E-06   649.99    
    0.30  2.01950E-05   649.99    
    0.40  8.91735E-05   649.99    
    0.50  3.57591E-04   649.99    
    0.60  1.30334E-03   649.99    
    0.70  4.32182E-03   649.99    
    0.80  1.30525E-02   650.00    
    0.90  3.59476E-02   650.04    
    1.00  9.04000E-02   650.13    
    1.10  0.20786       650.34    
    1.20  0.43757       650.78    
    1.30  0.84432       651.62    
    1.40   1.4947       653.12    
    1.50   2.4290       655.54    
    1.60   3.6243       659.17    
    1.70   4.9643       664.13    
    1.80   6.2384       670.37    
    1.90   7.1854       677.56    
    2.00   7.5770       685.13    
    2.10   7.3053       692.44    
    2.20   6.4314       698.87    
    2.30   5.1634       704.03    
    2.40   3.7757       707.81    
    2.50   2.5120       710.32    
    2.60   1.5191       711.84    
    2.70  0.83442       712.68    
    2.80  0.41598       713.09    
    2.90  0.18812       713.28    
    3.00  7.71355E-02   713.36    
    3.10  2.86710E-02   713.39    
    3.20  9.67672E-03   713.39    
    3.30  3.05362E-03   713.40    
    3.40  1.27078E-03   713.40    
    3.50  1.94785E-03   713.40    
    3.60  6.10363E-03   713.41    
    3.70  1.91793E-02   713.43    
    3.80  5.53485E-02   713.48    
    3.90  0.14597       713.63    
    4.00  0.35207       713.98    
    4.10  0.77763       714.76    
    4.20   1.5746       716.33    
    4.30   2.9262       719.26    
    4.40   4.9952       724.25    
    4.50   7.8392       732.09    
    4.60   11.319       743.41    
    4.70   15.056       758.47    
    4.80   18.479       776.95    
    4.90   20.989       797.94    
    5.00   22.172       820.11    
    5.10   21.948       842.06    
    5.20   20.576       862.63    
    5.30   18.499       881.13    
    5.40   16.138       897.27    
    5.50   13.749       911.02    
    5.60   11.417       922.44    
    5.70   9.1515       931.59    
    5.80   6.9847       938.57    
    5.90   5.0088       943.58    
    6.00   3.3386       946.92    
    6.10   2.0524       948.97    
    6.20   1.1576       950.13    
    6.30  0.59697       950.73    
    6.40  0.28087       951.01    
    6.50  0.12039       951.13    
    6.60  4.69703E-02   951.17    
    6.70  1.66676E-02   951.19    
    6.80  5.37687E-03   951.20    
    6.90  1.57621E-03   951.20    
    7.00  4.19735E-04   951.20    
    7.10  1.01502E-04   951.20    
    7.20  2.22840E-05   951.20    
    7.30  4.44028E-06   951.20    
    7.40  8.02822E-07   951.20    
    7.50  1.31679E-07   951.20    
    7.60  1.95889E-08   951.20    
    7.70  2.64244E-09   951.20    
    7.80  3.23164E-10   951.20    
    7.90  3.58249E-11   951.20    
    8.00  3.59932E-12   951.20    
    8.10  3.27689E-13   951.20    
    8.20  2.70304E-14   951.20    
    8.30  2.01993E-15   951.20    
    8.40  1.36730E-16   951.20    
    8.50  8.38275E-18   951.20    
    8.60  4.65445E-19   951.20    
    8.70  2.34029E-20   951.20    
    8.80  1.06552E-21   951.20    
    8.90  4.43666E-23   951.20    
    9.00  1.41359E-23   951.20    
    9.10  3.19153E-22   951.20    
    9.20  7.37274E-21   951.20    
    9.30  1.54136E-19   951.20    
    9.40  2.91577E-18   951.20    
    9.50  4.99082E-17   951.20    
    9.60  7.72969E-16   951.20    
    9.70  1.08324E-14   951.20    
    9.80  1.37359E-13   951.20    
    9.90  1.57602E-12   951.20    
   10.00  1.63620E-11   951.20    
   10.10  1.53703E-10   951.20    
   10.20  1.30647E-09   951.20    
   10.30  1.00482E-08   951.20    
   10.40  6.99278E-08   951.20    
   10.50  4.40334E-07   951.20    
   10.60  2.50891E-06   951.20    
   10.70  1.29348E-05   951.20    
   10.80  6.03399E-05   951.20    
   10.90  2.54696E-04   951.20    
   11.00  9.72769E-04   951.20    
   11.10  3.36178E-03   951.20    
   11.20  1.05124E-02   951.21    
   11.30  2.97442E-02   951.24    
   11.40  7.61510E-02   951.32    
   11.50  0.17641       951.50    
   11.60  0.36977       951.87    
   11.70  0.70133       952.57    
   11.80   1.2036       953.77    
   11.90   1.8690       955.64    
   12.00   2.6261       958.27    
   12.10   3.3388       961.60    
   12.20   3.8409       965.45    
   12.30   3.9980       969.44    
   12.40   3.7656       973.21    
   12.50   3.2091       976.42    
   12.60   2.4747       978.89    
   12.70   1.7267       980.62    
   12.80   1.0902       981.71    
   12.90  0.62277       982.33    
   13.00  0.32192       982.65    
   13.10  0.15057       982.80    
   13.20  6.37214E-02   982.87    
   13.30  2.44013E-02   982.89    
   13.40  8.45500E-03   982.90    
   13.50  2.65097E-03   982.90    
   13.60  7.52800E-04   982.90    
   13.70  1.97216E-04   982.91    
   13.80  6.48741E-05   982.91    
   13.90  9.63404E-05   982.91    
   14.00  3.42921E-04   982.91    
   14.10  1.21174E-03   982.91    
   14.20  3.89276E-03   982.91    
   14.30  1.13181E-02   982.92    
   14.40  2.97761E-02   982.95    
   14.50  7.08813E-02   983.02    
   14.60  0.15267       983.18    
   14.70  0.29756       983.47    
   14.80  0.52474       984.00    
   14.90  0.83732       984.83    
   15.00   1.2090       986.04    
   15.10   1.5794       987.62    
   15.20   1.8671       989.49    
   15.30   1.9972       991.49    
   15.40   1.9335       993.42    
   15.50   1.6952       995.12    
   15.60   1.3493       996.47    
   15.70  0.98471       997.45    
   15.80  0.68342       998.13    
   15.90  0.50564       998.64    
   16.00  0.49073       999.13    
   16.10  0.66479       999.79    
   16.20   1.0412       1000.8    
   16.30   1.6074       1002.4    
   16.40   2.3047       1004.7    
   16.50   3.0191       1007.8    
   16.60   3.5980       1011.4    
   16.70   3.8972       1015.3    
   16.80   3.8358       1019.1    
   16.90   3.4303       1022.5    
   17.00   2.7872       1025.3    
   17.10   2.0577       1027.4    
   17.20   1.3810       1028.8    
   17.30  0.84514       1029.6    
   17.40  0.47901       1030.1    
   17.50  0.27029       1030.3    
   17.60  0.19235       1030.5    
   17.70  0.22497       1030.8    
   17.80  0.36132       1031.1    
   17.90  0.60075       1031.7    
   18.00  0.93320       1032.7    
   18.10   1.3251       1034.0    
   18.20   1.7177       1035.7    
   18.30   2.0441       1037.7    
   18.40   2.2576       1040.0    
   18.50   2.3549       1042.4    
   18.60   2.3753       1044.7    
   18.70   2.3720       1047.1    
   18.80   2.3746       1049.5    
   18.90   2.3676       1051.9    
   19.00   2.3018       1054.2    
   19.10   2.1291       1056.3    
   19.20   1.8370       1058.1    
   19.30   1.4592       1059.6    
   19.40   1.0588       1060.6    
   19.50  0.69879       1061.3    
   19.60  0.41871       1061.8    
   19.70  0.22836       1062.0    
   19.80  0.11601       1062.1    
   19.90  6.25812E-02   1062.2    
   20.00  5.37106E-02   1062.2    
   20.10  8.65333E-02   1062.3    
   20.20  0.17079       1062.5    
   20.30  0.32442       1062.8    
   20.40  0.56323       1063.4    
   20.50  0.88616       1064.2    
   20.60   1.2619       1065.5    
   20.70   1.6259       1067.1    
   20.80   1.8957       1069.0    
   20.90   1.9999       1071.0    
   21.00   1.9090       1072.9    
   21.10   1.6489       1074.6    
   21.20   1.2886       1075.9    
   21.30  0.91131       1076.8    
   21.40  0.58326       1077.4    
   21.50  0.33824       1077.7    
   21.60  0.17904       1077.9    
   21.70  9.05219E-02   1078.0    
   21.80  5.44685E-02   1078.0    
   21.90  6.03269E-02   1078.1    
   22.00  0.11006       1078.2    
   22.10  0.21751       1078.4    
   22.20  0.40234       1078.8    
   22.30  0.67875       1079.5    
   22.40   1.0423       1080.5    
   22.50   1.4620       1082.0    
   22.60   1.8873       1083.9    
   22.70   2.2702       1086.2    
   22.80   2.5939       1088.8    
   22.90   2.8849       1091.6    
   23.00   3.1967       1094.8    
   23.10   3.5685       1098.4    
   23.20   3.9879       1102.4    
   23.30   4.3841       1106.8    
   23.40   4.6601       1111.4    
   23.50   4.7421       1116.2    
   23.60   4.6110       1120.8    
   23.70   4.2984       1125.1    
   23.80   3.8572       1128.9    
   23.90   3.3342       1132.3    
   24.00   2.7632       1135.0    
   24.10   2.1755       1137.2    
   24.20   1.6091       1138.8    
   24.30   1.1066       1139.9    
   24.40  0.70156       1140.6    
   24.50  0.40747       1141.0    
   24.60  0.21587       1141.3    
   24.70  0.10402       1141.4    
   24.80  4.55054E-02   1141.4    
   24.90  1.80503E-02   1141.4    
   25.00  6.48715E-03   1141.4    
   25.10  2.11137E-03   1141.4    
   25.20  6.22125E-04   1141.4    
   25.30  1.65925E-04   1141.4    
   25.40  4.00508E-05   1141.4    
   25.50  8.74865E-06   1141.4    
   25.60  1.72934E-06   1141.4    
   25.70  3.09325E-07   1141.4    
   25.80  5.00652E-08   1141.4    
   25.90  7.33227E-09   1141.4    
   26.00  9.71667E-10   1141.4    
   26.10  1.16512E-10   1141.4    
   26.20  1.26415E-11   1141.4    
   26.30  1.24107E-12   1141.4    
   26.40  1.10247E-13   1141.4    
   26.50  8.86157E-15   1141.4    
   26.60  6.44502E-16   1141.4    
   26.70  4.24181E-17   1141.4    
   26.80  2.61395E-18   1141.4    
   26.90  1.79992E-18   1141.4    
   27.00  2.83567E-17   1141.4    
   27.10  4.37085E-16   1141.4    
   27.20  6.09746E-15   1141.4    
   27.30  7.69667E-14   1141.4    
   27.40  8.79077E-13   1141.4    
   27.50  9.08493E-12   1141.4    
   27.60  8.49546E-11   1141.4    
   27.70  7.18824E-10   1141.4    
   27.80  5.50338E-09   1141.4    
   27.90  3.81247E-08   1141.4    
   28.00  2.38976E-07   1141.4    
   28.10  1.35541E-06   1141.4    
   28.20  6.95601E-06   1141.4    
   28.30  3.23013E-05   1141.4    
   28.40  1.35722E-04   1141.4    
   28.50  5.16000E-04   1141.4    
   28.60  1.77509E-03   1141.4    
   28.70  5.52538E-03   1141.4    
   28.80  1.55623E-02   1141.5    
   28.90  3.96603E-02   1141.5    
   29.00  9.14554E-02   1141.6    
   29.10  0.19082       1141.8    
   29.20  0.36027       1142.1    
   29.30  0.61545       1142.8    
   29.40  0.95132       1143.7    
   29.50   1.3306       1145.0    
   29.60   1.6839       1146.7    
   29.70   1.9282       1148.7    
   29.80   1.9979       1150.7    
   29.90   1.8731       1152.5    
   30.00   1.5890       1154.1    
   30.10   1.2197       1155.3    
   30.20  0.84713       1156.2    
   30.30  0.53238       1156.7    
   30.40  0.30273       1157.0    
   30.50  0.15577       1157.2    
   30.60  7.25192E-02   1157.2    
   30.70  3.05496E-02   1157.3    
   30.80  1.16447E-02   1157.3    
   30.90  4.01626E-03   1157.3    
   31.00  1.25339E-03   1157.3    
   31.10  3.53933E-04   1157.3    
   31.20  9.04333E-05   1157.3    
   31.30  2.09120E-05   1157.3    
   31.40  4.40519E-06   1157.3    
   31.50  1.02732E-06   1157.3    
   31.60  1.28445E-06   1157.3    
   31.70  5.94567E-06   1157.3    
   31.80  2.77899E-05   1157.3    
   31.90  1.17939E-04   1157.3    
   32.00  4.52941E-04   1157.3    
   32.10  1.57398E-03   1157.3    
   32.20  4.94910E-03   1157.3    
   32.30  1.40807E-02   1157.3    
   32.40  3.62488E-02   1157.3    
   32.50  8.44370E-02   1157.4    
   32.60  0.17797       1157.6    
   32.70  0.33941       1158.0    
   32.80  0.58570       1158.5    
   32.90  0.91454       1159.5    
   33.00   1.2921       1160.7    
   33.10   1.6520       1162.4    
   33.20   1.9115       1164.3    
   33.30   2.0026       1166.3    
   33.40   1.9022       1168.2    
   33.50   1.6453       1169.9    
   33.60   1.3134       1171.2    
   33.70   1.0049       1172.2    
   33.80  0.80568       1173.0    
   33.90  0.76778       1173.7    
   34.00  0.90084       1174.6    
   34.10   1.1707       1175.8    
   34.20   1.5045       1177.3    
   34.30   1.8061       1179.1    
   34.40   1.9830       1181.1    
   34.50   1.9788       1183.1    
   34.60   1.7943       1184.9    
   34.70   1.4880       1186.4    
   34.80   1.1525       1187.5    
   34.90  0.88326       1188.4    
   35.00  0.75259       1189.2    
   35.10  0.79597       1190.0    
   35.20   1.0090       1191.0    
   35.30   1.3507       1192.3    
   35.40   1.7532       1194.1    
   35.50   2.1411       1196.2    
   35.60   2.4572       1198.7    
   35.70   2.6815       1201.4    
   35.80   2.8318       1204.2    
   35.90   2.9443       1207.1    
   36.00   3.0470       1210.2    
   36.10   3.1443       1213.3    
   36.20   3.2187       1216.5    
   36.30   3.2418       1219.8    
   36.40   3.1841       1223.0    
   36.50   3.0210       1226.0    
   36.60   2.7396       1228.7    
   36.70   2.3483       1231.1    
   36.80   1.8822       1233.0    
   36.90   1.3977       1234.4    
   37.00  0.95468       1235.3    
   37.10  0.59660       1235.9    
   37.20  0.33983       1236.2    
   37.30  0.17599       1236.4    
   37.40  8.27210E-02   1236.5    
   37.50  3.52525E-02   1236.5    
   37.60  1.36110E-02   1236.6    
   37.70  4.75898E-03   1236.6    
   37.80  1.50639E-03   1236.6    
   37.90  4.31594E-04   1236.6    
   38.00  1.11913E-04   1236.6    
   38.10  2.62669E-05   1236.6    
   38.20  5.61921E-06   1236.6    
   38.30  1.33892E-06   1236.6    
   38.40  1.69400E-06   1236.6    
   38.50  7.72033E-06   1236.6    
   38.60  3.55089E-05   1236.6    
   38.70  1.48340E-04   1236.6    
   38.80  5.60980E-04   1236.6    
   38.90  1.92062E-03   1236.6    
   39.00  5.95476E-03   1236.6    
   39.10  1.67267E-02   1236.6    
   39.20  4.25967E-02   1236.6    
   39.30  9.84493E-02   1236.7    
   39.40  0.20682       1236.9    
   39.50  0.39587       1237.3    
   39.60  0.69268       1238.0    
   39.70   1.1132       1239.1    
   39.80   1.6534       1240.8    
   39.90   2.2870       1243.1    
   40.00   2.9700       1246.0    
   40.10   3.6478       1249.7    
   40.20   4.2580       1253.9    
   40.30   4.7306       1258.7    
   40.40   4.9974       1263.7    
   40.50   5.0198       1268.7    
   40.60   4.8220       1273.5    
   40.70   4.5046       1278.0    
   40.80   4.2145       1282.2    
   40.90   4.0749       1286.3    
   41.00   4.1163       1290.4    
   41.10   4.2525       1294.7    
   41.20   4.3221       1299.0    
   41.30   4.1734       1303.2    
   41.40   3.7414       1306.9    
   41.50   3.0745       1310.0    
   41.60   2.3008       1312.3    
   41.70   1.5640       1313.9    
   41.80  0.96746       1314.8    
   41.90  0.55367       1315.4    
   42.00  0.31757       1315.7    
   42.10  0.23625       1315.9    
   42.20  0.29511       1316.2    
   42.30  0.49881       1316.7    
   42.40  0.86362       1317.6    
   42.50   1.3952       1319.0    
   42.60   2.0617       1321.0    
   42.70   2.7775       1323.8    
   42.80   3.4122       1327.2    
   42.90   3.8295       1331.1    
   43.00   3.9420       1335.0    
   43.10   3.7527       1338.8    
   43.20   3.3592       1342.1    
   43.30   2.9125       1345.0    
   43.40   2.5509       1347.6    
   43.50   2.3427       1349.9    
   43.60   2.2663       1352.2    
   43.70   2.2345       1354.4    
   43.80   2.1479       1356.6    
   43.90   1.9449       1358.5    
   44.00   1.6258       1360.1    
   44.10   1.2415       1361.4    
   44.20  0.86174       1362.2    
   44.30  0.54241       1362.8    
   44.40  0.30941       1363.1    
   44.50  0.16045       1363.3    
   44.60  7.75404E-02   1363.3    
   44.70  4.05133E-02   1363.4    
   44.80  3.63186E-02   1363.4    
   44.90  6.32492E-02   1363.5    
   45.00  0.13142       1363.6    
