#SV-min
#0: HFB nokin 
#hfbparams=1000,0,1,2.0,,
#0: HFB nokin hfbparams=1000,0,1,2.0,,
  50  70 ref21 0.001659  -1018.84150    -11.520    
  50  70 ref21  0.0016589 -1018.84135   -11.521   -11.521   -11.521    0.05/400


#1:
# HFB width=0, uv cutoff iparsh=2
  50  70  43  0.00000000 -1019.38354   -13.493   -13.493   -13.493  4.64597514   0.0000    
  50  70  43  0.00000025 -1019.38354   -13.493   -13.493   -13.493  4.64597503  2.50000E-07
  50  70  43  0.00000100 -1019.38352   -13.493   -13.493   -13.493  4.64597486  1.00000E-06
  50  70  43  0.00000225 -1019.38350   -13.493   -13.493   -13.493  4.64597463  2.25000E-06
  50  70  43  0.00000400 -1019.38348   -13.493   -13.493   -13.493  4.64597435  4.00000E-06
  50  70  43  0.00000625 -1019.38344   -13.493   -13.493   -13.493  4.64597402  6.25000E-06
  50  70  43  0.00000900 -1019.38340   -13.493   -13.493   -13.493  4.64597365  9.00000E-06
  50  70  43  0.00001225 -1019.38334   -13.493   -13.493   -13.493  4.64597325  1.22500E-05
  50  70  43  0.00001600 -1019.38328   -13.493   -13.493   -13.493  4.64597283  1.60000E-05
  50  70  43  0.00002025 -1019.38322   -13.493   -13.493   -13.493  4.64597238  2.02500E-05
  50  70  43  0.00002500 -1019.38314   -13.493   -13.493   -13.493  4.64597192  2.50000E-05
  50  70  43  0.00003025 -1019.38306   -13.493   -13.493   -13.493  4.64597144  3.02500E-05
  50  70  43  0.00003600 -1019.38296   -13.493   -13.493   -13.493  4.64597094  3.60000E-05
  50  70  43  0.00004225 -1019.38286   -13.493   -13.493   -13.493  4.64597043  4.22500E-05
  50  70  43  0.00004900 -1019.38276   -13.493   -13.493   -13.493  4.64596992  4.90000E-05
  50  70  43  0.00005625 -1019.38264   -13.493   -13.493   -13.493  4.64596939  5.62500E-05
  50  70  43  0.00006400 -1019.38252   -13.493   -13.493   -13.493  4.64596885  6.40000E-05
  50  70  43  0.00007225 -1019.38238   -13.493   -13.493   -13.493  4.64596830  7.22500E-05
  50  70  43  0.00008100 -1019.38225   -13.493   -13.493   -13.493  4.64596775  8.10000E-05
  50  70  43  0.00009025 -1019.38210   -13.493   -13.493   -13.493  4.64596720  9.02500E-05
  50  70  43  0.00010000 -1019.38194   -13.493   -13.493   -13.493  4.64596663  1.00000E-04
  50  70  43  0.00011025 -1019.38178   -13.493   -13.493   -13.493  4.64596607  1.10250E-04
  50  70  43  0.00012100 -1019.38161   -13.493   -13.493   -13.493  4.64596549  1.21000E-04
  50  70  43  0.00013225 -1019.38143   -13.493   -13.493   -13.493  4.64596492  1.32250E-04
  50  70  43  0.00014400 -1019.38124   -13.493   -13.493   -13.493  4.64596434  1.44000E-04
  50  70  43  0.00015625 -1019.38105   -13.493   -13.493   -13.493  4.64596376  1.56250E-04
  50  70  43  0.00016900 -1019.38085   -13.493   -13.493   -13.493  4.64596317  1.69000E-04
  50  70  43  0.00018225 -1019.38064   -13.493   -13.493   -13.493  4.64596259  1.82250E-04
  50  70  43  0.00019600 -1019.38043   -13.493   -13.493   -13.493  4.64596200  1.96000E-04
  50  70  43  0.00021025 -1019.38022   -13.493   -13.493   -13.493  4.64596141  2.10250E-04
  50  70  43  0.00022500 -1019.38001   -13.494   -13.494   -13.494  4.64596082  2.25000E-04
  50  70  43  0.00024025 -1019.37981   -13.494   -13.494   -13.494  4.64596024  2.40250E-04
  50  70  43  0.00025600 -1019.37962   -13.494   -13.494   -13.494  4.64595967  2.56000E-04
  50  70  43  0.00027225 -1019.37945   -13.494   -13.494   -13.494  4.64595911  2.72250E-04
  50  70  43  0.00028900 -1019.37931   -13.494   -13.494   -13.494  4.64595856  2.89000E-04
  50  70  43  0.00030625 -1019.37921   -13.495   -13.495   -13.495  4.64595805  3.06250E-04
  50  70  43  0.00032400 -1019.37915   -13.495   -13.495   -13.495  4.64595756  3.24000E-04
  50  70  43  0.00034225 -1019.37915   -13.496   -13.496   -13.496  4.64595712  3.42250E-04
  50  70  43  0.00036100 -1019.37923   -13.497   -13.497   -13.497  4.64595674  3.61000E-04
  50  70  43  0.00038025 -1019.37939   -13.498   -13.498   -13.498  4.64595642  3.80250E-04
  50  70  43  0.00040000 -1019.37965   -13.500   -13.500   -13.500  4.64595619  4.00000E-04
  50  70  43  0.00042025 -1019.38002   -13.501   -13.501   -13.501  4.64595604  4.20250E-04
  50  70  43  0.00044100 -1019.38051   -13.503   -13.503   -13.503  4.64595600  4.41000E-04
  50  70  43  0.00046225 -1019.38112   -13.506   -13.506   -13.506  4.64595607  4.62250E-04
  50  70  43  0.00048400 -1019.38187   -13.508   -13.508   -13.508  4.64595626  4.84000E-04
  50  70  43  0.00050625 -1019.38274   -13.511   -13.511   -13.511  4.64595659  5.06250E-04
  50  70  43  0.00052900 -1019.38374   -13.514   -13.514   -13.514  4.64595704  5.29000E-04
  50  70  43  0.00055225 -1019.38486   -13.518   -13.518   -13.518  4.64595764  5.52250E-04
  50  70  43  0.00057600 -1019.38609   -13.522   -13.522   -13.522  4.64595836  5.76000E-04
  50  70  43  0.00060025 -1019.38743   -13.526   -13.526   -13.526  4.64595921  6.00250E-04
  50  70  43  0.00062500 -1019.38885   -13.530   -13.530   -13.530  4.64596018  6.25000E-04
  50  70  43  0.00065025 -1019.39034   -13.535   -13.535   -13.535  4.64596127  6.50250E-04
  50  70  43  0.00067600 -1019.39189   -13.540   -13.540   -13.540  4.64596245  6.76000E-04
  50  70  43  0.00070225 -1019.39349   -13.544   -13.544   -13.544  4.64596373  7.02250E-04
  50  70  43  0.00072900 -1019.39510   -13.549   -13.549   -13.549  4.64596508  7.29000E-04
  50  70  43  0.00075625 -1019.39674   -13.554   -13.554   -13.554  4.64596650  7.56250E-04
  50  70  43  0.00078400 -1019.39837   -13.559   -13.559   -13.559  4.64596798  7.84000E-04
  50  70  43  0.00081225 -1019.39998   -13.564   -13.564   -13.564  4.64596949  8.12250E-04
  50  70  43  0.00084100 -1019.40158   -13.569   -13.569   -13.569  4.64597104  8.41000E-04
  50  70  43  0.00087025 -1019.40315   -13.574   -13.574   -13.574  4.64597261  8.70250E-04
  50  70  43  0.00090000 -1019.40467   -13.579   -13.579   -13.579  4.64597420  9.00000E-04
  50  70  43  0.00093025 -1019.40616   -13.583   -13.583   -13.583  4.64597580  9.30250E-04
  50  70  43  0.00096100 -1019.40760   -13.588   -13.588   -13.588  4.64597740  9.61000E-04
  50  70  43  0.00099225 -1019.40900   -13.592   -13.592   -13.592  4.64597899  9.92250E-04
  50  70  43  0.00102400 -1019.41034   -13.597   -13.597   -13.597  4.64598058  1.02400E-03
  50  70  43  0.00105625 -1019.41163   -13.601   -13.601   -13.601  4.64598216  1.05625E-03
  50  70  43  0.00108900 -1019.41287   -13.605   -13.605   -13.605  4.64598372  1.08900E-03
  50  70  43  0.00112225 -1019.41405   -13.609   -13.609   -13.609  4.64598527  1.12225E-03
  50  70  43  0.00115600 -1019.41519   -13.613   -13.613   -13.613  4.64598681  1.15600E-03
  50  70  43  0.00119025 -1019.41627   -13.617   -13.617   -13.617  4.64598832  1.19025E-03
  50  70  43  0.00122500 -1019.41731   -13.621   -13.621   -13.621  4.64598982  1.22500E-03
  50  70  43  0.00126025 -1019.41830   -13.625   -13.625   -13.625  4.64599130  1.26025E-03
  50  70  43  0.00129600 -1019.41925   -13.628   -13.628   -13.628  4.64599276  1.29600E-03
  50  70  43  0.00133225 -1019.42015   -13.632   -13.632   -13.632  4.64599420  1.33225E-03
  50  70  43  0.00136900 -1019.42100   -13.635   -13.635   -13.635  4.64599563  1.36900E-03
  50  70  43  0.00140625 -1019.42182   -13.639   -13.639   -13.639  4.64599703  1.40625E-03
  50  70  43  0.00144400 -1019.42260   -13.642   -13.642   -13.642  4.64599842  1.44400E-03
  50  70  43  0.00148225 -1019.42334   -13.645   -13.645   -13.645  4.64599980  1.48225E-03
  50  70  43  0.00152100 -1019.42404   -13.648   -13.648   -13.648  4.64600115  1.52100E-03
  50  70  43  0.00156025 -1019.42471   -13.651   -13.651   -13.651  4.64600249  1.56025E-03
  50  70  43  0.00160000 -1019.42534   -13.654   -13.654   -13.654  4.64600382  1.60000E-03
  50  70  43  0.00164025 -1019.42595   -13.657   -13.657   -13.657  4.64600513  1.64025E-03
  50  70  43  0.00168100 -1019.42652   -13.660   -13.660   -13.660  4.64600642  1.68100E-03
  50  70  43  0.00172225 -1019.42707   -13.663   -13.663   -13.663  4.64600771  1.72225E-03
  50  70  43  0.00176400 -1019.42758   -13.666   -13.666   -13.666  4.64600898  1.76400E-03
  50  70  43  0.00180625 -1019.42807   -13.669   -13.669   -13.669  4.64601024  1.80625E-03
  50  70  43  0.00184900 -1019.42854   -13.671   -13.671   -13.671  4.64601149  1.84900E-03
  50  70  43  0.00189225 -1019.42898   -13.674   -13.674   -13.674  4.64601272  1.89225E-03
  50  70  43  0.00193600 -1019.42939   -13.677   -13.677   -13.677  4.64601395  1.93600E-03
  50  70  43  0.00198025 -1019.42979   -13.679   -13.679   -13.679  4.64601517  1.98025E-03
  50  70  43  0.00202500 -1019.43016   -13.682   -13.682   -13.682  4.64601638  2.02500E-03
  50  70  43  0.00207025 -1019.43051   -13.685   -13.685   -13.685  4.64601758  2.07025E-03
  50  70  43  0.00211600 -1019.43083   -13.687   -13.687   -13.687  4.64601877  2.11600E-03
  50  70  43  0.00216225 -1019.43114   -13.690   -13.690   -13.690  4.64601996  2.16225E-03
  50  70  43  0.00220900 -1019.43143   -13.692   -13.692   -13.692  4.64602113  2.20900E-03
  50  70  43  0.00225625 -1019.43170   -13.694   -13.694   -13.694  4.64602230  2.25625E-03
  50  70  43  0.00230400 -1019.43195   -13.697   -13.697   -13.697  4.64602347  2.30400E-03
  50  70  43  0.00235225 -1019.43219   -13.699   -13.699   -13.699  4.64602462  2.35225E-03
  50  70  43  0.00240100 -1019.43240   -13.702   -13.702   -13.702  4.64602578  2.40100E-03
  50  70  43  0.00245025 -1019.43260   -13.704   -13.704   -13.704  4.64602692  2.45025E-03
  50  70  43  0.00250000 -1019.43279   -13.706   -13.706   -13.706  4.64602806  2.50000E-03
  50  70  43  0.00255025 -1019.43295   -13.709   -13.709   -13.709  4.64602920  2.55025E-03
  50  70  43  0.00260100 -1019.43310   -13.711   -13.711   -13.711  4.64603033  2.60100E-03
  50  70  43  0.00265225 -1019.43324   -13.713   -13.713   -13.713  4.64603145  2.65225E-03
  50  70  43  0.00270400 -1019.43336   -13.715   -13.715   -13.715  4.64603258  2.70400E-03
  50  70  43  0.00275625 -1019.43347   -13.718   -13.718   -13.718  4.64603369  2.75625E-03
  50  70  43  0.00280900 -1019.43356   -13.720   -13.720   -13.720  4.64603481  2.80900E-03
  50  70  43  0.00286225 -1019.43364   -13.722   -13.722   -13.722  4.64603592  2.86225E-03
  50  70  43  0.00291600 -1019.43370   -13.724   -13.724   -13.724  4.64603702  2.91600E-03
  50  70  43  0.00297025 -1019.43376   -13.726   -13.726   -13.726  4.64603813  2.97025E-03
  50  70  43  0.00302500 -1019.43379   -13.729   -13.729   -13.729  4.64603923  3.02500E-03
  50  70  43  0.00308025 -1019.43382   -13.731   -13.731   -13.731  4.64604033  3.08025E-03
  50  70  43  0.00313600 -1019.43383   -13.733   -13.733   -13.733  4.64604142  3.13600E-03
  50  70  43  0.00319225 -1019.43383   -13.735   -13.735   -13.735  4.64604251  3.19225E-03
  50  70  43  0.00324900 -1019.43381   -13.737   -13.737   -13.737  4.64604360  3.24900E-03
  50  70  43  0.00330625 -1019.43379   -13.739   -13.739   -13.739  4.64604469  3.30625E-03
  50  70  43  0.00336400 -1019.43375   -13.741   -13.741   -13.741  4.64604577  3.36400E-03
  50  70  43  0.00342225 -1019.43370   -13.743   -13.743   -13.743  4.64604685  3.42225E-03
  50  70  43  0.00348100 -1019.43364   -13.745   -13.745   -13.745  4.64604793  3.48100E-03
  50  70  43  0.00354025 -1019.43356   -13.747   -13.747   -13.747  4.64604901  3.54025E-03
  50  70  43  0.00360000 -1019.43348   -13.750   -13.750   -13.750  4.64605009  3.60000E-03
  50  70  43  0.00366025 -1019.43338   -13.752   -13.752   -13.752  4.64605116  3.66025E-03
  50  70  43  0.00372100 -1019.43327   -13.754   -13.754   -13.754  4.64605224  3.72100E-03
  50  70  43  0.00378225 -1019.43315   -13.756   -13.756   -13.756  4.64605331  3.78225E-03
  50  70  43  0.00384400 -1019.43302   -13.758   -13.758   -13.758  4.64605438  3.84400E-03
  50  70  43  0.00390625 -1019.43288   -13.760   -13.760   -13.760  4.64605544  3.90625E-03
  50  70  43  0.00396900 -1019.43273   -13.762   -13.762   -13.762  4.64605651  3.96900E-03
  50  70  43  0.00403225 -1019.43256   -13.764   -13.764   -13.764  4.64605758  4.03225E-03
  50  70  43  0.00409600 -1019.43239   -13.766   -13.766   -13.766  4.64605864  4.09600E-03
  50  70  43  0.00416025 -1019.43220   -13.768   -13.768   -13.768  4.64605970  4.16025E-03
  50  70  43  0.00422500 -1019.43201   -13.770   -13.770   -13.770  4.64606076  4.22500E-03
  50  70  43  0.00429025 -1019.43180   -13.772   -13.772   -13.772  4.64606182  4.29025E-03
  50  70  43  0.00435600 -1019.43158   -13.774   -13.774   -13.774  4.64606288  4.35600E-03
  50  70  43  0.00442225 -1019.43136   -13.776   -13.776   -13.776  4.64606394  4.42225E-03
  50  70  43  0.00448900 -1019.43112   -13.777   -13.777   -13.778  4.64606500  4.48900E-03
  50  70  43  0.00455625 -1019.43087   -13.779   -13.779   -13.779  4.64606605  4.55625E-03
  50  70  43  0.00462400 -1019.43061   -13.781   -13.781   -13.781  4.64606711  4.62400E-03
  50  70  43  0.00469225 -1019.43034   -13.783   -13.783   -13.783  4.64606816  4.69225E-03
  50  70  43  0.00476100 -1019.43007   -13.785   -13.785   -13.785  4.64606921  4.76100E-03
  50  70  43  0.00483025 -1019.42978   -13.787   -13.787   -13.787  4.64607027  4.83025E-03
  50  70  43  0.00490000 -1019.42948   -13.789   -13.789   -13.789  4.64607132  4.90000E-03
  50  70  43  0.00497025 -1019.42917   -13.791   -13.791   -13.791  4.64607237  4.97025E-03
  50  70  43  0.00504100 -1019.42885   -13.793   -13.793   -13.793  4.64607342  5.04100E-03
  50  70  43  0.00511225 -1019.42853   -13.795   -13.795   -13.795  4.64607447  5.11225E-03
  50  70  43  0.00518400 -1019.42819   -13.797   -13.797   -13.797  4.64607552  5.18400E-03
  50  70  43  0.00525625 -1019.42784   -13.799   -13.799   -13.799  4.64607657  5.25625E-03
  50  70  43  0.00532900 -1019.42748   -13.801   -13.801   -13.801  4.64607761  5.32900E-03
  50  70  43  0.00540225 -1019.42712   -13.802   -13.802   -13.802  4.64607866  5.40225E-03
  50  70  43  0.00547600 -1019.42674   -13.804   -13.804   -13.804  4.64607971  5.47600E-03
  50  70  43  0.00555025 -1019.42635   -13.806   -13.806   -13.806  4.64608075  5.55025E-03
  50  70  43  0.00562500 -1019.42596   -13.808   -13.808   -13.808  4.64608180  5.62500E-03
  50  70  43  0.00570025 -1019.42555   -13.810   -13.810   -13.810  4.64608284  5.70025E-03
  50  70  43  0.00577600 -1019.42514   -13.812   -13.812   -13.812  4.64608389  5.77600E-03
  50  70  43  0.00585225 -1019.42472   -13.814   -13.814   -13.814  4.64608493  5.85225E-03
  50  70  43  0.00592900 -1019.42428   -13.816   -13.816   -13.816  4.64608597  5.92900E-03
  50  70  43  0.00600625 -1019.42384   -13.817   -13.817   -13.817  4.64608702  6.00625E-03
  50  70  43  0.00608400 -1019.42339   -13.819   -13.819   -13.819  4.64608806  6.08400E-03
  50  70  43  0.00616225 -1019.42293   -13.821   -13.821   -13.821  4.64608910  6.16225E-03
  50  70  43  0.00624100 -1019.42246   -13.823   -13.823   -13.823  4.64609014  6.24100E-03
  50  70  43  0.00632025 -1019.42198   -13.825   -13.825   -13.825  4.64609118  6.32025E-03
  50  70  43  0.00640000 -1019.42149   -13.827   -13.827   -13.827  4.64609223  6.40000E-03
  50  70  43  0.00648025 -1019.42099   -13.828   -13.828   -13.828  4.64609327  6.48025E-03
  50  70  43  0.00656100 -1019.42048   -13.830   -13.830   -13.830  4.64609431  6.56100E-03
  50  70  43  0.00664225 -1019.41997   -13.832   -13.832   -13.832  4.64609535  6.64225E-03
  50  70  43  0.00672400 -1019.41944   -13.834   -13.834   -13.834  4.64609639  6.72400E-03
  50  70  43  0.00680625 -1019.41891   -13.836   -13.836   -13.836  4.64609743  6.80625E-03
  50  70  43  0.00688900 -1019.41836   -13.838   -13.838   -13.838  4.64609846  6.88900E-03
  50  70  43  0.00697225 -1019.41781   -13.839   -13.839   -13.839  4.64609950  6.97225E-03
  50  70  43  0.00705600 -1019.41725   -13.841   -13.841   -13.841  4.64610054  7.05600E-03
  50  70  43  0.00714025 -1019.41668   -13.843   -13.843   -13.843  4.64610158  7.14025E-03
  50  70  43  0.00722500 -1019.41610   -13.845   -13.845   -13.845  4.64610262  7.22500E-03
  50  70  43  0.00731025 -1019.41551   -13.847   -13.847   -13.847  4.64610365  7.31025E-03
  50  70  43  0.00739600 -1019.41491   -13.848   -13.848   -13.848  4.64610469  7.39600E-03
  50  70  43  0.00748225 -1019.41430   -13.850   -13.850   -13.850  4.64610573  7.48225E-03
  50  70  43  0.00756900 -1019.41369   -13.852   -13.852   -13.852  4.64610677  7.56900E-03
  50  70  43  0.00765625 -1019.41306   -13.854   -13.854   -13.854  4.64610780  7.65625E-03
  50  70  43  0.00774400 -1019.41243   -13.856   -13.856   -13.856  4.64610884  7.74400E-03
  50  70  43  0.00783225 -1019.41178   -13.857   -13.857   -13.857  4.64610987  7.83225E-03
  50  70  43  0.00792100 -1019.41113   -13.859   -13.859   -13.859  4.64611091  7.92100E-03
  50  70  43  0.00801025 -1019.41047   -13.861   -13.861   -13.861  4.64611194  8.01025E-03
  50  70  43  0.00810000 -1019.40980   -13.863   -13.863   -13.863  4.64611298  8.10000E-03
  50  70  43  0.00819025 -1019.40912   -13.864   -13.864   -13.864  4.64611401  8.19025E-03
  50  70  43  0.00828100 -1019.40844   -13.866   -13.866   -13.866  4.64611505  8.28100E-03
  50  70  43  0.00837225 -1019.40774   -13.868   -13.868   -13.868  4.64611608  8.37225E-03
  50  70  43  0.00846400 -1019.40704   -13.870   -13.870   -13.870  4.64611712  8.46400E-03
  50  70  43  0.00855625 -1019.40632   -13.871   -13.871   -13.871  4.64611815  8.55625E-03
  50  70  43  0.00864900 -1019.40560   -13.873   -13.873   -13.873  4.64611919  8.64900E-03
  50  70  43  0.00874225 -1019.40487   -13.875   -13.875   -13.875  4.64612022  8.74225E-03
  50  70  43  0.00883600 -1019.40413   -13.877   -13.877   -13.877  4.64612125  8.83600E-03
  50  70  43  0.00893025 -1019.40338   -13.878   -13.878   -13.878  4.64612229  8.93025E-03
  50  70  43  0.00902500 -1019.40262   -13.880   -13.880   -13.880  4.64612332  9.02500E-03
  50  70  43  0.00912025 -1019.40186   -13.882   -13.882   -13.882  4.64612435  9.12025E-03
  50  70  43  0.00921600 -1019.40108   -13.884   -13.884   -13.884  4.64612538  9.21600E-03
  50  70  43  0.00931225 -1019.40030   -13.885   -13.885   -13.885  4.64612642  9.31225E-03
  50  70  43  0.00940900 -1019.39951   -13.887   -13.887   -13.887  4.64612745  9.40900E-03
  50  70  43  0.00950625 -1019.39870   -13.889   -13.889   -13.889  4.64612848  9.50625E-03
  50  70  43  0.00960400 -1019.39790   -13.891   -13.891   -13.891  4.64612951  9.60400E-03
  50  70  43  0.00970225 -1019.39708   -13.892   -13.892   -13.892  4.64613054  9.70225E-03
  50  70  43  0.00980100 -1019.39625   -13.894   -13.894   -13.894  4.64613158  9.80100E-03
  50  70  43  0.00990025 -1019.39541   -13.896   -13.896   -13.896  4.64613261  9.90025E-03
  50  70  43  0.01000000 -1019.39457   -13.898   -13.898   -13.898  4.64613364  1.00000E-02
  50  70  43  0.01020100 -1019.39286   -13.901   -13.901   -13.901  4.64613570  1.02010E-02
  50  70  43  0.01040400 -1019.39111   -13.904   -13.904   -13.904  4.64613776  1.04040E-02
  50  70  43  0.01060900 -1019.38932   -13.908   -13.908   -13.908  4.64613982  1.06090E-02
  50  70  43  0.01081600 -1019.38751   -13.911   -13.911   -13.911  4.64614188  1.08160E-02
  50  70  43  0.01102500 -1019.38565   -13.915   -13.915   -13.915  4.64614393  1.10250E-02
  50  70  43  0.01123600 -1019.38377   -13.918   -13.918   -13.918  4.64614599  1.12360E-02
  50  70  43  0.01144900 -1019.38185   -13.921   -13.921   -13.921  4.64614805  1.14490E-02
  50  70  43  0.01166400 -1019.37989   -13.925   -13.925   -13.925  4.64615010  1.16640E-02
  50  70  43  0.01188100 -1019.37790   -13.928   -13.928   -13.928  4.64615216  1.18810E-02
  50  70  43  0.01210000 -1019.37588   -13.932   -13.932   -13.932  4.64615421  1.21000E-02
  50  70  43  0.01232100 -1019.37383   -13.935   -13.935   -13.935  4.64615626  1.23210E-02
  50  70  43  0.01254400 -1019.37173   -13.938   -13.938   -13.938  4.64615831  1.25440E-02
  50  70  43  0.01276900 -1019.36961   -13.942   -13.942   -13.942  4.64616036  1.27690E-02
  50  70  43  0.01299600 -1019.36745   -13.945   -13.945   -13.945  4.64616241  1.29960E-02
  50  70  43  0.01322500 -1019.36526   -13.948   -13.948   -13.948  4.64616446  1.32250E-02
  50  70  43  0.01345600 -1019.36303   -13.952   -13.952   -13.952  4.64616651  1.34560E-02
  50  70  43  0.01368900 -1019.36078   -13.955   -13.955   -13.955  4.64616855  1.36890E-02
  50  70  43  0.01392400 -1019.35848   -13.958   -13.958   -13.958  4.64617060  1.39240E-02
  50  70  43  0.01416100 -1019.35616   -13.962   -13.962   -13.962  4.64617264  1.41610E-02
  50  70  43  0.01440000 -1019.35379   -13.965   -13.965   -13.965  4.64617469  1.44000E-02
  50  70  43  0.01464100 -1019.35140   -13.968   -13.968   -13.968  4.64617673  1.46410E-02
  50  70  43  0.01488400 -1019.34897   -13.971   -13.971   -13.971  4.64617877  1.48840E-02
  50  70  43  0.01512900 -1019.34651   -13.975   -13.975   -13.975  4.64618081  1.51290E-02
  50  70  43  0.01537600 -1019.34402   -13.978   -13.978   -13.978  4.64618284  1.53760E-02
  50  70  43  0.01562500 -1019.34149   -13.981   -13.981   -13.981  4.64618488  1.56250E-02
  50  70  43  0.01587600 -1019.33893   -13.984   -13.984   -13.984  4.64618692  1.58760E-02
  50  70  43  0.01612900 -1019.33633   -13.988   -13.988   -13.988  4.64618895  1.61290E-02
  50  70  43  0.01638400 -1019.33370   -13.991   -13.991   -13.991  4.64619098  1.63840E-02
  50  70  43  0.01664100 -1019.33104   -13.994   -13.994   -13.994  4.64619301  1.66410E-02
  50  70  43  0.01690000 -1019.32835   -13.997   -13.997   -13.997  4.64619504  1.69000E-02
  50  70  43  0.01716100 -1019.32562   -14.001   -14.001   -14.001  4.64619707  1.71610E-02
  50  70  43  0.01742400 -1019.32286   -14.004   -14.004   -14.004  4.64619910  1.74240E-02
  50  70  43  0.01768900 -1019.32006   -14.007   -14.007   -14.007  4.64620112  1.76890E-02
  50  70  43  0.01795600 -1019.31724   -14.010   -14.010   -14.010  4.64620315  1.79560E-02
  50  70  43  0.01822500 -1019.31437   -14.013   -14.013   -14.013  4.64620517  1.82250E-02
  50  70  43  0.01849600 -1019.31148   -14.017   -14.017   -14.017  4.64620719  1.84960E-02
  50  70  43  0.01876900 -1019.30855   -14.020   -14.020   -14.020  4.64620921  1.87690E-02
  50  70  43  0.01904400 -1019.30559   -14.023   -14.023   -14.023  4.64621123  1.90440E-02
  50  70  43  0.01932100 -1019.30260   -14.026   -14.026   -14.026  4.64621324  1.93210E-02
  50  70  43  0.01960000 -1019.29957   -14.029   -14.029   -14.029  4.64621526  1.96000E-02
  50  70  43  0.01988100 -1019.29651   -14.032   -14.032   -14.032  4.64621727  1.98810E-02
  50  70  43  0.02016400 -1019.29342   -14.036   -14.036   -14.036  4.64621928  2.01640E-02
  50  70  43  0.02044900 -1019.29029   -14.039   -14.039   -14.039  4.64622129  2.04490E-02
  50  70  43  0.02073600 -1019.28713   -14.042   -14.042   -14.042  4.64622330  2.07360E-02
  50  70  43  0.02102500 -1019.28394   -14.045   -14.045   -14.045  4.64622530  2.10250E-02
  50  70  43  0.02131600 -1019.28071   -14.048   -14.048   -14.048  4.64622730  2.13160E-02
  50  70  43  0.02160900 -1019.27745   -14.051   -14.051   -14.051  4.64622931  2.16090E-02
  50  70  43  0.02190400 -1019.27416   -14.054   -14.054   -14.054  4.64623131  2.19040E-02
  50  70  43  0.02220100 -1019.27084   -14.058   -14.058   -14.058  4.64623330  2.22010E-02
  50  70  43  0.02250000 -1019.26748   -14.061   -14.061   -14.061  4.64623530  2.25000E-02
