#0: SVmin v**2 cutoff 30
0.0   55.07
0.3   54.646    
0.5   54.189    
0.6   53.982    
0.7   53.848    
0.8   54.071    
0.9   54.262    
1.0   54.591    
1.2   56.308    


#1: SVmin v**2 cutoff 15
0.0   55.32
0.3   54.801    
0.5   54.472    
0.6   54.236    
0.7   54.148    
0.8   54.303    
0.9   54.769    
1.0   55.130    
1.2   56    *


#2: FyIVP3
0.0  45.162    
0.1  43.193    
0.4  40.4   40.914    
0.6  39.299    
0.8  38.643    
0.9  38.413    
1.0  39.019    
1.1  40.888    







