# shell  N_p/2  N_n/2  N
#2     87   117 408
#4    174   214 776
#6    303   358 1322
#8    479   555 2068
#10   710  815  3050
#12  1009 1144  4306
#14  1378 1544  5844
1 1


# from collect-170Yb ...
#results for 170Yb with SV-bas and HFB:
#cut sh. V_p  V_n   beta  beta_p beta_n    E_B        Ep_p     Ep_n    gap_p     gap_n     r_C    r_tot    r_p     r_n    N_p    N_n
# 8:
  40 02 408  1563 1448   0.342  0.346  0.339  -1374.2818  -1.459  -4.323  -0.4301   -0.6710   5.2902  5.2990  5.2390  5.3474  69.97  99.95
  40 04 776  1563 1448   0.340  0.344  0.338  -1374.5733  -3.833  -6.994  -0.6752   -0.8225   5.2916  5.3011  5.2407  5.3500  69.93  99.90
  40 06 1322  1563 1448   0.340  0.344  0.337  -1374.5795  -3.913  -7.069  -0.6796   -0.8216   5.2916  5.3012  5.2407  5.3500  69.93  99.90
  40 08 2068  1563 1448   0.340  0.344  0.337  -1374.5838  -3.983  -7.082  -0.6860   -0.8223   5.2915  5.3011  5.2407  5.3500  69.93  99.90
  40 10 3050  1563 1448   0.340  0.344  0.337  -1374.5778  -3.956  -7.044  -0.6839   -0.8198   5.2915  5.3010  5.2406  5.3499  69.93  99.90
  40 12 4306  1563 1448   0.340  0.344  0.337  -1374.5721  -3.949  -7.000  -0.6832   -0.8169   5.2914  5.3010  5.2406  5.3499  69.93  99.90
  40 14 5844  1563 1448   0.340  0.344  0.337  -1374.5608  -3.855  -6.943  -0.6749   -0.8134   5.2914  5.3010  5.2405  5.3498  69.93  99.90


# 9:
  60 02 408  1533 1419   0.341  0.345  0.339  -1374.2187  -0.012  -3.698  -0.0394   -0.6142   5.2890  5.2975  5.2376  5.3459  69.99  99.96
  60 04 776  1533 1419   0.341  0.345  0.338  -1374.5150  -3.724  -6.571  -0.6555   -0.7862   5.2917  5.3011  5.2408  5.3499  69.93  99.91
  60 06 1322  1533 1419   0.340  0.344  0.337  -1374.6366  -4.450  -7.799  -0.6983   -0.8284   5.2921  5.3019  5.2412  5.3510  69.92  99.88
  60 08 2068  1533 1419   0.340  0.343  0.337  -1374.6449  -4.506  -7.935  -0.7005   -0.8284   5.2920  5.3019  5.2411  5.3510  69.92  99.88
  60 10 3050  1533 1419   0.340  0.343  0.337  -1374.6171  -4.456  -7.710  -0.6965   -0.8155   5.2919  5.3018  5.2410  5.3508  69.92  99.88
  60 12 4306  1533 1419   0.340  0.344  0.337  -1374.5585  -4.423  -7.047  -0.6934   -0.7771   5.2918  5.3015  5.2409  5.3504  69.92  99.89
  60 14 5844  1533 1419   0.340  0.344  0.337  -1374.5528  -4.408  -6.980  -0.6919   -0.7726   5.2918  5.3015  5.2410  5.3504  69.92  99.90


#cut sh.  V_p   V_n   beta    beta_p    beta_n      E_B       Ep_p      Ep_n     gap_p     gap_n        r_p     r_n   r_tot
# 10:  
  10  02 408  1862  1713 0.3451   0.3386    0.3412   -1374.525   -3.093    -4.604   -0.6959   -0.7661      5.240   5.348  5.304
  10  04 776  1862  1713 0.3451   0.3386    0.3412   -1374.528   -3.101    -4.623   -0.6971   -0.7680      5.240   5.348  5.304
  10  06 1322  1862  1713 0.3451   0.3386    0.3412   -1374.525   -3.092    -4.606   -0.6959   -0.7663      5.240   5.348  5.304
  10  08 2068  1862  1713 0.3451   0.3386    0.3412   -1374.526   -3.133    -4.764   -0.7015   -0.7813      5.240   5.348  5.304
  10  10 3050  1862  1713 0.3451   0.3386    0.3412   -1374.528   -3.095    -4.610   -0.6963   -0.7668      5.240   5.348  5.304
  10  12 4306  1862  1713 0.3449   0.3384    0.3411   -1374.529   -3.100    -4.622   -0.6970   -0.7679      5.240   5.348  5.304  not fully through
  10  14 5844  1862  1713 0.3451   0.3386    0.3412   -1374.525   -3.093    -4.604   -0.6959   -0.7661      5.240   5.348  5.304



#11:
#cut sh.  V_p   V_n   beta    beta_p    beta_n      E_B       Ep_p      Ep_n     gap_p     gap_n        r_p     r_n   r_tot  
 20  02  408  1674  1556  0.3444   0.3378    0.3405   -1374.529   -3.084    -5.927   -0.6478   -0.8156      5.240   5.349  5.304
 20  04  776  1674  1556  0.3443   0.3377    0.3404   -1374.537   -3.192    -5.979   -0.6579   -0.8187      5.240   5.349  5.304
 20  06 1322  1674  1556  0.3443   0.3377    0.3404   -1374.535   -3.169    -5.903   -0.6553   -0.8127      5.240   5.349  5.304
 20  08 2068  1674  1556  0.3443   0.3377    0.3404   -1374.535   -3.190    -5.968   -0.6576   -0.8178      5.240   5.349  5.304
 20  10 3050  1674  1556  0.3443   0.3377    0.3404   -1374.535   -3.192    -5.964   -0.6577   -0.8175      5.240   5.349  5.304
 20  12 4306  1674  1556  0.3443   0.3378    0.3405   -1374.523   -3.194    -5.871   -0.6570   -0.8103      5.240   5.349  5.304  not fully through
 20  14 5844  1674  1556  0.3443   0.3377    0.3404   -1374.530   -3.185    -5.950   -0.6570   -0.8164      5.240   5.349  5.304



