#cutoff=-15,hfbwidth=0.0d0,pair.strength=330.0
-15   4.648872  -1016.44      -0.000  -4.368   0.000   0.698   0.000   6.255
-16   4.648844  -1016.45      -0.000  -4.423   0.000   0.703   0.000   6.290
-17   4.648897  -1016.46      -0.000  -4.449   0.000   0.704   0.000   6.320
-18   4.648880  -1016.47      -0.000  -4.485   0.000   0.706   0.000   6.355
-19   4.648856  -1016.48      -0.000  -4.535   0.000   0.708   0.000   6.403
-20   4.648710  -1016.52      -0.000  -4.701   0.000   0.719   0.000   6.543
-21   4.648643  -1016.55      -0.000  -4.854   0.000   0.730   0.000   6.649
-22   4.648575  -1016.60      -0.000  -5.035   0.000   0.744   0.000   6.765
-23   4.648497  -1016.64      -0.000  -5.234   0.000   0.761   0.000   6.881
-24   4.648413  -1016.69      -0.000  -5.431   0.000   0.777   0.000   6.993
-25   4.648354  -1016.72      -0.000  -5.572   0.000   0.790   0.000   7.049
-26   4.648284  -1016.76      -0.000  -5.779   0.000   0.805   0.000   7.182
-27   4.648309  -1016.79      -0.000  -5.887   0.000   0.814   0.000   7.234
-28   4.648215  -1016.80      -0.000  -5.943   0.000   0.820   0.000   7.248
-29   4.648157  -1016.85      -0.000  -6.176   0.000   0.834   0.000   7.406
-30   4.648124  -1016.88      -0.000  -6.277   0.000   0.842   0.000   7.458
-31   4.648124  -1016.90      -0.000  -6.383   0.000   0.848   0.000   7.523
-32   4.648085  -1016.92      -0.000  -6.500   0.000   0.857   0.000   7.587
-33   4.648026  -1016.95      -0.000  -6.601   0.000   0.866   0.000   7.624
-34   4.648026  -1016.98      -0.000  -6.754   0.000   0.874   0.000   7.725
-35   4.647881  -1017.02      -0.000  -6.954   0.000   0.888   0.000   7.835
-36   4.647908  -1017.06      -0.000  -7.150   0.000   0.899   0.000   7.952
-37   4.647792  -1017.09      -0.000  -7.266   0.000   0.909   0.000   7.991
-38   4.647731  -1017.14      -0.000  -7.493   0.000   0.924   0.000   8.110
-39   4.647657  -1017.17      -0.000  -7.656   0.000   0.936   0.000   8.183
-40   4.647637  -1017.20      -0.000  -7.803   0.000   0.945   0.000   8.256
-41   4.647594  -1017.23      -0.000  -7.954   0.000   0.954   0.000   8.334
-42   4.647544  -1017.26      -0.000  -8.095   0.000   0.964   0.000   8.395
-43   4.647512  -1017.29      -0.000  -8.231   0.000   0.972   0.000   8.464
-44   4.647454  -1017.33      -0.000  -8.395   0.000   0.982   0.000   8.550
-45   4.647414  -1017.35      -0.000  -8.525   0.000   0.991   0.000   8.607
-46   4.647358  -1017.39      -0.000  -8.706   0.000   1.001   0.000   8.696
-47   4.647323  -1017.41      -0.000  -8.831   0.000   1.010   0.000   8.743
-48   4.647267  -1017.46      -0.000  -9.035   0.000   1.021   0.000   8.845
-49   4.647221  -1017.49      -0.000  -9.208   0.000   1.032   0.000   8.925
-50   4.647208  -1017.52      -0.000  -9.367   0.000   1.041   0.000   9.000
-51   4.647127  -1017.56      -0.000  -9.564   0.000   1.054   0.000   9.077
-52   4.647081  -1017.60      -0.000  -9.745   0.000   1.064   0.000   9.154
-53   4.647035  -1017.63      -0.000  -9.926   0.000   1.075   0.000   9.229
-54   4.646951  -1017.71      -0.000 -10.262   0.000   1.090   0.000   9.419
-55   4.646966  -1017.70      -0.000 -10.277   0.000   1.096   0.000   9.380
-56   4.646901  -1017.74      -0.000 -10.470   0.000   1.107   0.000   9.461
-57   4.646858  -1017.78      -0.000 -10.649   0.000   1.117   0.000   9.530
-58   4.646789  -1017.85      -0.000 -10.911   0.000   1.130   0.000   9.651
-59   4.646771  -1017.85      -0.000 -11.014   0.000   1.138   0.000   9.678
-60   4.646726  -1017.88      -0.000 -11.206   0.000   1.148   0.000   9.761
-61   4.646683  -1017.92      -0.000 -11.385   0.000   1.158   0.000   9.832
-62   4.646638  -1017.95      -0.000 -11.576   0.000   1.170   0.000   9.898
-63   4.646634  -1017.99      -0.000 -11.762   0.000   1.178   0.000   9.984
-64   4.646546  -1018.03      -0.000 -11.984   0.000   1.191   0.000  10.062
-65   4.646504  -1018.07      -0.000 -12.161   0.000   1.202   0.000  10.120
-66   4.646454  -1018.11      -0.000 -12.393   0.000   1.213   0.000  10.215
-67   4.646416  -1018.15      -0.000 -12.598   0.000   1.224   0.000  10.290
-68   4.646424  -1018.18      -0.000 -12.775   0.000   1.232   0.000  10.366
-69   4.646315  -1018.23      -0.000 -13.028   0.000   1.247   0.000  10.450
-70   4.646197  -1018.33      -0.000 -13.557   0.000   1.268   0.000  10.695
-71   4.646160  -1018.33      -0.000 -13.737   0.000   1.277   0.000  10.762
-72   4.646123  -1018.39      -0.000 -13.937   0.000   1.288   0.000  10.825
-73   4.646077  -1018.44      -0.000 -14.179   0.000   1.300   0.000  10.903
-74   4.646032  -1018.45      -0.000 -14.338   0.000   1.307   0.000  10.967
-75   4.645985  -1018.53      -0.000 -14.643   0.000   1.324   0.000  11.060
-76   4.645985  -1018.52      -0.000 -14.599   0.000   1.327   0.000  11.001
-77   4.645937  -1018.56      -0.000 -14.837   0.000   1.339   0.000  11.080
-78   4.645894  -1018.59      -0.000 -15.034   0.000   1.349   0.000  11.148
-79   4.645844  -1018.65      -0.000 -15.321   0.000   1.363   0.000  11.240
-80   4.645801  -1018.69      -0.000 -15.577   0.000   1.376   0.000  11.317
-81   4.645751  -1018.72      -0.000 -15.783   0.000   1.385   0.000  11.394
-82   4.645723  -1018.78      -0.000 -16.093   0.000   1.401   0.000  11.486
-83   4.645649  -1018.81      -0.000 -16.269   0.000   1.411   0.000  11.534
-84   4.645583  -1018.91      -0.000 -16.844   0.000   1.436   0.000  11.727
-85   4.645461  -1018.97      -0.000 -17.338   0.000   1.454   0.000  11.928
-86   4.645417  -1019.02      -0.000 -17.515   0.000   1.462   0.000  11.983
-87   4.645376  -1019.02      -0.000 -17.728   0.000   1.472   0.000  12.042
-88   4.645352  -1019.05      -0.000 -17.893   0.000   1.479   0.000  12.098
-89   4.645262  -1019.18      -0.000 -18.520   0.000   1.509   0.000  12.276
-90   4.645227  -1019.30      -0.000 -18.606   0.000   1.512   0.000  12.305
-91   4.645272  -1019.16      -0.000 -18.368   0.000   1.505   0.000  12.207
-92   4.645223  -1019.24      -0.000 -18.723   0.000   1.524   0.000  12.282
-93   4.645163  -1019.30      -0.000 -18.920   0.000   1.534   0.000  12.334
-94   4.645131  -1019.31      -0.000 -19.201   0.000   1.546   0.000  12.418
-95   4.645055  -1019.40      -0.000 -19.610   0.000   1.565   0.000  12.526
-96   4.645049  -1019.39      -0.000 -19.661   0.000   1.567   0.000  12.546
-97   4.644985  -1019.47      -0.000 -19.984   0.000   1.582   0.000  12.635
-98   4.644922  -1019.48      -0.000 -20.189   0.000   1.591   0.000  12.688
-99   4.644850  -1019.59      -0.000 -20.862   0.000   1.620   0.000  12.874
-100   4.644873  -1019.55      -0.000 -20.557   0.000   1.608   0.000  12.787


# hfbwidth=1.0d0,pair.strength=1420, step=0.05
-15  4.642947  -1018.36      -0.000 -10.437   0.000   1.220   0.000   8.555
-16  4.642932  -1018.40      -0.000 -10.624   0.000   1.227   0.000   8.661
-17  4.642916  -1018.44      -0.000 -10.828   0.000   1.234   0.000   8.774
-18  4.642903  -1018.50      -0.000 -11.157   0.000   1.244   0.000   8.968
-19  4.642894  -1018.58      -0.000 -11.542   0.000   1.261   0.000   9.157
-20  4.642888  -1018.67      -0.000 -11.958   0.000   1.281   0.000   9.335
-21  4.642886  -1018.75      -0.000 -12.366   0.000   1.301   0.000   9.503
-22  4.642888  -1018.83      -0.000 -12.734   0.000   1.319   0.000   9.657
-23  4.642891  -1018.89      -0.000 -13.053   0.000   1.333   0.000   9.793
-24  4.642896  -1018.95      -0.000 -13.332   0.000   1.344   0.000   9.918
-25  4.642901  -1019.00      -0.000 -13.584   0.000   1.353   0.000  10.040
-26  4.642908  -1019.04      -0.000 -13.825   0.000   1.361   0.000  10.157
-27  4.642917  -1019.09      -0.000 -14.064   0.000   1.369   0.000  10.277
-28  4.642926  -1019.14      -0.000 -14.308   0.000   1.377   0.000  10.394
-29  4.642936  -1019.19      -0.000 -14.555   0.000   1.385   0.000  10.509
-30  4.642948  -1019.23      -0.000 -14.804   0.000   1.393   0.000  10.624
-31  4.642959  -1019.28      -0.000 -15.046   0.000   1.401   0.000  10.737
-32  4.642971  -1019.32      -0.000 -15.278   0.000   1.409   0.000  10.845
-33  4.642982  -1019.37      -0.000 -15.496   0.000   1.415   0.000  10.950
-34  4.642993  -1019.40      -0.000 -15.701   0.000   1.421   0.000  11.049
-35  4.643004  -1019.44      -0.000 -15.894   0.000   1.427   0.000  11.140
-36  4.643015  -1019.47      -0.000 -16.078   0.000   1.432   0.000  11.231
-37  4.643026  -1019.51      -0.000 -16.257   0.000   1.436   0.000  11.321
-38  4.643037  -1019.54      -0.000 -16.431   0.000   1.440   0.000  11.406
-39  4.643048  -1019.57      -0.000 -16.601   0.000   1.445   0.000  11.491
-40  4.643059  -1019.60      -0.000 -16.766   0.000   1.449   0.000  11.574
-41  4.643068  -1019.62      -0.000 -16.881   0.000   1.450   0.000  11.642
-42  4.643079  -1019.64      -0.000 -16.950   0.000   1.451   0.000  11.682
-43  4.643091  -1019.68      -0.000 -17.223   0.000   1.459   0.000  11.806
-44  4.643100  -1019.68      -0.000 -17.230   0.000   1.456   0.000  11.834
-45  4.643111  -1019.73      -0.000 -17.495   0.000   1.464   0.000  11.947
-46  4.643119  -1019.75      -0.000 -17.576   0.000   1.465   0.000  12.000
-47  4.643129  -1019.76      -0.000 -17.688   0.000   1.466   0.000  12.064
-48  4.643133  -1019.77      -0.000 -17.656   0.000   1.463   0.000  12.065
-49  4.643138  -1019.81      -0.000 -17.896   0.000   1.468   0.000  12.195
-50  4.643148  -1019.82      -0.000 -17.999   0.000   1.469   0.000  12.254
-51  4.643154  -1019.84      -0.000 -18.100   0.000   1.469   0.000  12.320
-52  4.643164  -1019.86      -0.000 -18.200   0.000   1.471   0.000  12.375
-53  4.643169  -1019.88      -0.000 -18.281   0.000   1.471   0.000  12.428
-54  4.643180  -1019.89      -0.000 -18.380   0.000   1.472   0.000  12.486
-55  4.643185  -1019.91      -0.000 -18.468   0.000   1.475   0.000  12.524
-56  4.643197  -1019.92      -0.000 -18.577   0.000   1.473   0.000  12.608
-57  4.643205  -1019.94      -0.000 -18.677   0.000   1.475   0.000  12.659
-58  4.643212  -1019.95      -0.000 -18.766   0.000   1.475   0.000  12.718
-59  4.643223  -1019.95      -0.000 -18.813   0.000   1.476   0.000  12.749
-60  4.643226  -1019.99      -0.000 -18.929   0.000   1.478   0.000  12.809
-61  4.643233  -1020.00      -0.000 -18.993   0.000   1.478   0.000  12.851
-62  4.643240  -1020.01      -0.000 -19.059   0.000   1.477   0.000  12.899
-63  4.643244  -1020.00      -0.000 -19.109   0.000   1.476   0.000  12.946
-64  4.643251  -1020.01      -0.000 -19.171   0.000   1.476   0.000  12.984
-65  4.643254  -1020.04      -0.000 -19.246   0.000   1.478   0.000  13.023
-66  4.643262  -1020.03      -0.000 -19.275   0.000   1.475   0.000  13.063
-67  4.643267  -1020.06      -0.000 -19.350   0.000   1.476   0.000  13.109
-68  4.643274  -1020.05      -0.000 -19.388   0.000   1.475   0.000  13.143
-69  4.643278  -1020.08      -0.000 -19.460   0.000   1.476   0.000  13.183
-70  4.643283  -1020.08      -0.000 -19.493   0.000   1.473   0.000  13.233
-71  4.643286  -1020.09      -0.000 -19.512   0.000   1.473   0.000  13.246
-72  4.643292  -1020.10      -0.000 -19.559   0.000   1.473   0.000  13.280
-73  4.643297  -1020.08      -0.000 -19.619   0.000   1.473   0.000  13.322
-74  4.643300  -1020.11      -0.000 -19.659   0.000   1.470   0.000  13.371
-75  4.643304  -1020.11      -0.000 -19.705   0.000   1.471   0.000  13.399
-76  4.643310  -1020.10      -0.000 -19.720   0.000   1.468   0.000  13.429
-77  4.643313  -1020.11      -0.000 -19.759   0.000   1.466   0.000  13.478
-78  4.643314  -1020.13      -0.000 -19.802   0.000   1.468   0.000  13.493
-79  4.643317  -1020.11      -0.000 -19.827   0.000   1.466   0.000  13.525
-80  4.643318  -1020.14      -0.000 -19.875   0.000   1.466   0.000  13.554
-81  4.643321  -1020.14      -0.000 -19.896   0.000   1.465   0.000  13.580
-82  4.643325  -1020.14      -0.000 -19.910   0.000   1.463   0.000  13.606
-83  4.643325  -1020.15      -0.000 -19.956   0.000   1.463   0.000  13.640
-84  4.643329  -1020.15      -0.000 -19.964   0.000   1.460   0.000  13.673
-85  4.643331  -1020.14      -0.000 -20.001   0.000   1.460   0.000  13.701
-86  4.643333  -1020.17      -0.000 -20.031   0.000   1.459   0.000  13.728
-87  4.643333  -1020.17      -0.000 -20.043   0.000   1.460   0.000  13.724
-88  4.643336  -1020.16      -0.000 -20.023   0.000   1.459   0.000  13.727
-89  4.643336  -1020.17      -0.000 -20.044   0.000   1.459   0.000  13.736
-90  4.643338  -1020.18      -0.000 -20.058   0.000   1.461   0.000  13.730
-91  4.643339  -1020.15      -0.000 -20.089   0.000   1.459   0.000  13.766
-92  4.643341  -1020.18      -0.000 -20.081   0.000   1.459   0.000  13.766
-93  4.643342  -1020.18      -0.000 -20.110   0.000   1.458   0.000  13.791
-94  4.643345  -1020.16      -0.000 -20.117   0.000   1.458   0.000  13.802
-95  4.643345  -1020.18      -0.000 -20.164   0.000   1.458   0.000  13.832
-96  4.643347  -1020.19      -0.000 -20.147   0.000   1.457   0.000  13.830
-97  4.643347  -1020.16      -0.000 -20.170   0.000   1.456   0.000  13.849
-98  4.643347  -1020.19      -0.000 -20.200   0.000   1.457   0.000  13.866
-99  4.643348  -1020.19      -0.000 -20.186   0.000   1.456   0.000  13.862
-100  4.643350  -1020.17      -0.000 -20.175   0.000   1.456   0.000  13.860


#cutoff=-15,hfbwidth=2.0d0,pair.strength=10815.0
-15   4.644527  -1016.82      -0.000  -6.615   0.000   0.921   0.000   7.183
-16   4.644220  -1016.93      -0.000  -7.488   0.000   0.985   0.000   7.604
-17   4.643908  -1017.04      -0.000  -8.399   0.000   1.045   0.000   8.038
-18   4.643586  -1017.15      -0.000  -9.355   0.000   1.103   0.000   8.482
-19   4.643297  -1017.25      -0.000 -10.262   0.000   1.155   0.000   8.884
-20   4.642905  -1017.36      -0.000 -11.379   0.000   1.214   0.000   9.372
-21   4.642559  -1017.46      -0.000 -12.413   0.000   1.264   0.000   9.823
-22   4.642225  -1017.55      -0.000 -13.416   0.000   1.310   0.000  10.242
-23   4.641904  -1017.63      -0.000 -14.383   0.000   1.353   0.000  10.631
-24   4.641577  -1017.72      -0.000 -15.369   0.000   1.393   0.000  11.036
-25   4.641266  -1017.80      -0.000 -16.302   0.000   1.429   0.000  11.408
-26   4.641085  -1017.84      -0.000 -16.988   0.000   1.453   0.000  11.695
-27   4.640691  -1017.93      -0.000 -18.018   0.000   1.492   0.000  12.079
-28   4.640430  -1017.99      -0.000 -18.791   0.000   1.517   0.000  12.385
-29   4.640192  -1018.04      -0.000 -19.494   0.000   1.539   0.000  12.663
-30   4.639978  -1018.09      -0.000 -20.124   0.000   1.559   0.000  12.909
-31   4.639787  -1018.13      -0.000 -20.685   0.000   1.575   0.000  13.130
-32   4.639617  -1018.17      -0.000 -21.181   0.000   1.590   0.000  13.325
-33   4.639468  -1018.20      -0.000 -21.618   0.000   1.601   0.000  13.499
-34   4.639337  -1018.23      -0.000 -22.000   0.000   1.611   0.000  13.654
-35   4.639223  -1018.25      -0.000 -22.335   0.000   1.619   0.000  13.793
-36   4.639124  -1018.27      -0.000 -22.623   0.000   1.627   0.000  13.908
-37   4.639035  -1018.29      -0.000 -22.881   0.000   1.632   0.000  14.023
-38   4.638959  -1018.31      -0.000 -23.104   0.000   1.636   0.000  14.121
-39   4.638895  -1018.32      -0.000 -23.291   0.000   1.641   0.000  14.197
-40   4.638838  -1018.33      -0.000 -23.458   0.000   1.644   0.000  14.270
-41   4.638789  -1018.34      -0.000 -23.603   0.000   1.646   0.000  14.336
-42   4.638742  -1018.35      -0.000 -23.739   0.000   1.648   0.000  14.409
-43   4.638707  -1018.36      -0.000 -23.841   0.000   1.650   0.000  14.447
-44   4.638670  -1018.37      -0.000 -23.948   0.000   1.651   0.000  14.509
-45   4.638644  -1018.37      -0.000 -24.025   0.000   1.652   0.000  14.540
-46   4.638619  -1018.38      -0.000 -24.100   0.000   1.653   0.000  14.578
-47   4.638593  -1018.38      -0.000 -24.174   0.000   1.653   0.000  14.622
-48   4.638574  -1018.39      -0.000 -24.231   0.000   1.654   0.000  14.649
-49   4.638556  -1018.39      -0.000 -24.283   0.000   1.654   0.000  14.678
-50   4.638541  -1018.40      -0.000 -24.326   0.000   1.655   0.000  14.699
-51   4.638526  -1018.40      -0.000 -24.369   0.000   1.655   0.000  14.727
-52   4.638514  -1018.40      -0.000 -24.405   0.000   1.655   0.000  14.745
-53   4.638521  -1018.40      -0.000 -24.394   0.000   1.654   0.000  14.750
-54   4.638506  -1018.41      -0.000 -24.447   0.000   1.654   0.000  14.781
-55   4.638499  -1018.40      -0.000 -24.454   0.000   1.654   0.000  14.782
-56   4.638487  -1018.41      -0.000 -24.500   0.000   1.654   0.000  14.809
-57   4.638482  -1018.41      -0.000 -24.503   0.000   1.654   0.000  14.810
-58   4.638475  -1018.41      -0.000 -24.524   0.000   1.655   0.000  14.822
-59   4.638465  -1018.41      -0.000 -24.560   0.000   1.655   0.000  14.843
-60   4.638460  -1018.41      -0.000 -24.576   0.000   1.655   0.000  14.852
-61   4.638457  -1018.41      -0.000 -24.575   0.000   1.655   0.000  14.851
-62   4.638450  -1018.42      -0.000 -24.603   0.000   1.655   0.000  14.866
-63   4.638446  -1018.42      -0.000 -24.615   0.000   1.655   0.000  14.873
-64   4.638441  -1018.42      -0.000 -24.627   0.000   1.655   0.000  14.880
-65   4.638437  -1018.42      -0.000 -24.637   0.000   1.655   0.000  14.887
-66   4.638434  -1018.42      -0.000 -24.646   0.000   1.655   0.000  14.892
-67   4.638431  -1018.42      -0.000 -24.654   0.000   1.655   0.000  14.896
-68   4.638428  -1018.42      -0.000 -24.662   0.000   1.655   0.000  14.901
-69   4.638427  -1018.42      -0.000 -24.658   0.000   1.655   0.000  14.899
-70   4.638423  -1018.42      -0.000 -24.676   0.000   1.655   0.000  14.909
-71   4.638423  -1018.42      -0.000 -24.672   0.000   1.655   0.000  14.906
-72   4.638421  -1018.42      -0.000 -24.678   0.000   1.655   0.000  14.909
-73   4.638417  -1018.42      -0.000 -24.693   0.000   1.655   0.000  14.918
-74   4.638415  -1018.42      -0.000 -24.698   0.000   1.655   0.000  14.922
-75   4.638415  -1018.42      -0.000 -24.693   0.000   1.655   0.000  14.918
-76   4.638414  -1018.42      -0.000 -24.698   0.000   1.655   0.000  14.921
-77   4.638412  -1018.42      -0.000 -24.702   0.000   1.655   0.000  14.924
-78   4.638411  -1018.42      -0.000 -24.705   0.000   1.655   0.000  14.924
-79   4.638409  -1018.42      -0.000 -24.716   0.000   1.655   0.000  14.931
-80   4.638407  -1018.42      -0.000 -24.720   0.000   1.655   0.000  14.933
-81   4.638407  -1018.42      -0.000 -24.716   0.000   1.655   0.000  14.932
-82   4.638405  -1018.42      -0.000 -24.726   0.000   1.655   0.000  14.937
-83   4.638405  -1018.42      -0.000 -24.722   0.000   1.655   0.000  14.936
-84   4.638403  -1018.43      -0.000 -24.732   0.000   1.655   0.000  14.942
-85   4.638403  -1018.42      -0.000 -24.729   0.000   1.655   0.000  14.940
-86   4.638402  -1018.42      -0.000 -24.731   0.000   1.655   0.000  14.941
-87   4.638401  -1018.42      -0.000 -24.733   0.000   1.655   0.000  14.943
-88   4.638400  -1018.43      -0.000 -24.736   0.000   1.655   0.000  14.944
-89   4.638399  -1018.43      -0.000 -24.742   0.000   1.655   0.000  14.948
-90   4.638398  -1018.43      -0.000 -24.744   0.000   1.655   0.000  14.949
-91   4.638398  -1018.43      -0.000 -24.745   0.000   1.655   0.000  14.948
-92   4.638398  -1018.43      -0.000 -24.743   0.000   1.655   0.000  14.948
-93   4.638397  -1018.43      -0.000 -24.748   0.000   1.655   0.000  14.951
-94   4.638396  -1018.43      -0.000 -24.749   0.000   1.656   0.000  14.949
-95   4.638396  -1018.43      -0.000 -24.750   0.000   1.656   0.000  14.950
-96   4.638396  -1018.43      -0.000 -24.750   0.000   1.655   0.000  14.952
-97   4.638395  -1018.43      -0.000 -24.753   0.000   1.655   0.000  14.953
-98   4.638394  -1018.43      -0.000 -24.755   0.000   1.655   0.000  14.953
-99   4.638394  -1018.43      -0.000 -24.755   0.000   1.656   0.000  14.952
-100   4.638394  -1018.43      -0.000 -24.757   0.000   1.655   0.000  14.955


#cutoff=-15,hfbwidth=3.0d0,pair.strength=38500.0
-15   4.651629  -1015.50      -0.000  -2.960   0.000   0.622   0.000   4.761
-16   4.650681  -1015.60      -0.000  -4.373   0.000   0.797   0.000   5.487
-17   4.649766  -1015.71      -0.000  -5.887   0.000   0.961   0.000   6.127
-18   4.648928  -1015.82      -0.000  -7.370   0.000   1.104   0.000   6.678
-19   4.648264  -1015.92      -0.000  -8.603   0.000   1.216   0.000   7.075
-20   4.647670  -1016.01      -0.000  -9.737   0.000   1.309   0.000   7.440
-21   4.647223  -1016.07      -0.000 -10.610   0.000   1.375   0.000   7.716
-22   4.646879  -1016.13      -0.000 -11.292   0.000   1.426   0.000   7.917
-23   4.646623  -1016.17      -0.000 -11.807   0.000   1.460   0.000   8.085
-24   4.646410  -1016.21      -0.000 -12.241   0.000   1.488   0.000   8.227
-25   4.646235  -1016.24      -0.000 -12.601   0.000   1.509   0.000   8.352
-26   4.646110  -1016.26      -0.000 -12.857   0.000   1.525   0.000   8.430
-27   4.646010  -1016.28      -0.000 -13.064   0.000   1.537   0.000   8.501
-28   4.645933  -1016.29      -0.000 -13.220   0.000   1.547   0.000   8.545
-29   4.645870  -1016.30      -0.000 -13.350   0.000   1.554   0.000   8.590
-30   4.645862  -1016.28      -0.000 -13.381   0.000   1.555   0.000   8.604
-31   4.645828  -1016.30      -0.000 -13.433   0.000   1.557   0.000   8.626
-32   4.645788  -1016.30      -0.000 -13.504   0.000   1.563   0.000   8.640
-33   4.645724  -1016.33      -0.000 -13.655   0.000   1.572   0.000   8.688
-34   4.645701  -1016.33      -0.000 -13.701   0.000   1.574   0.000   8.704
-35   4.645681  -1016.33      -0.000 -13.744   0.000   1.575   0.000   8.725
-36   4.645666  -1016.34      -0.000 -13.776   0.000   1.577   0.000   8.735
-37   4.645654  -1016.34      -0.000 -13.797   0.000   1.578   0.000   8.744
-38   4.645641  -1016.34      -0.000 -13.828   0.000   1.579   0.000   8.755
-39   4.645638  -1016.34      -0.000 -13.827   0.000   1.581   0.000   8.745
-40   4.645625  -1016.34      -0.000 -13.858   0.000   1.581   0.000   8.764
-41   4.645615  -1016.35      -0.000 -13.881   0.000   1.582   0.000   8.774
-42   4.645608  -1016.35      -0.000 -13.894   0.000   1.583   0.000   8.779
-43   4.645605  -1016.35      -0.000 -13.899   0.000   1.583   0.000   8.780
-44   4.645600  -1016.35      -0.000 -13.909   0.000   1.584   0.000   8.783
-45   4.645592  -1016.35      -0.000 -13.926   0.000   1.584   0.000   8.789
-46   4.645588  -1016.35      -0.000 -13.934   0.000   1.585   0.000   8.793
-47   4.645585  -1016.35      -0.000 -13.941   0.000   1.585   0.000   8.794
-48   4.645581  -1016.35      -0.000 -13.948   0.000   1.585   0.000   8.797
-49   4.645578  -1016.35      -0.000 -13.954   0.000   1.586   0.000   8.799
-50   4.645579  -1016.35      -0.000 -13.953   0.000   1.586   0.000   8.798
-51   4.645578  -1016.35      -0.000 -13.954   0.000   1.586   0.000   8.797
-52   4.645572  -1016.35      -0.000 -13.970   0.000   1.587   0.000   8.805
-53   4.645572  -1016.35      -0.000 -13.966   0.000   1.587   0.000   8.801
-54   4.645568  -1016.35      -0.000 -13.978   0.000   1.587   0.000   8.808
-55   4.645566  -1016.35      -0.000 -13.981   0.000   1.587   0.000   8.808
-56   4.645567  -1016.35      -0.000 -13.977   0.000   1.587   0.000   8.804
-57   4.645566  -1016.35      -0.000 -13.980   0.000   1.588   0.000   8.805
-58   4.645562  -1016.36      -0.000 -13.991   0.000   1.588   0.000   8.810
-59   4.645563  -1016.35      -0.000 -13.985   0.000   1.588   0.000   8.808
-60   4.645559  -1016.36      -0.000 -13.996   0.000   1.588   0.000   8.812
-61   4.645558  -1016.36      -0.000 -13.997   0.000   1.588   0.000   8.812
-62   4.645560  -1016.36      -0.000 -13.993   0.000   1.588   0.000   8.810
-63   4.645556  -1016.36      -0.000 -14.001   0.000   1.589   0.000   8.813
-64   4.645555  -1016.36      -0.000 -14.003   0.000   1.589   0.000   8.813
-65   4.645554  -1016.36      -0.000 -14.005   0.000   1.589   0.000   8.815
-66   4.645554  -1016.36      -0.000 -14.008   0.000   1.589   0.000   8.816
-67   4.645553  -1016.36      -0.000 -14.009   0.000   1.589   0.000   8.817
-68   4.645552  -1016.36      -0.000 -14.010   0.000   1.589   0.000   8.817
-69   4.645551  -1016.36      -0.000 -14.011   0.000   1.589   0.000   8.816
-70   4.645554  -1016.36      -0.000 -14.005   0.000   1.589   0.000   8.812
-71   4.645553  -1016.36      -0.000 -14.006   0.000   1.590   0.000   8.810
-72   4.645553  -1016.36      -0.000 -14.008   0.000   1.589   0.000   8.813
-73   4.645552  -1016.36      -0.000 -14.009   0.000   1.590   0.000   8.813
-74   4.645552  -1016.36      -0.000 -14.010   0.000   1.590   0.000   8.814
-75   4.645551  -1016.36      -0.000 -14.010   0.000   1.590   0.000   8.813
-76   4.645551  -1016.36      -0.000 -14.012   0.000   1.589   0.000   8.816
-77   4.645551  -1016.36      -0.000 -14.013   0.000   1.590   0.000   8.815
-78   4.645550  -1016.36      -0.000 -14.014   0.000   1.590   0.000   8.814
-79   4.645549  -1016.36      -0.000 -14.014   0.000   1.590   0.000   8.813
-80   4.645546  -1016.36      -0.000 -14.020   0.000   1.590   0.000   8.817
-81   4.645548  -1016.36      -0.000 -14.016   0.000   1.590   0.000   8.816
-82   4.645548  -1016.36      -0.000 -14.016   0.000   1.590   0.000   8.816
-83   4.645548  -1016.36      -0.000 -14.018   0.000   1.590   0.000   8.817
-84   4.645548  -1016.36      -0.000 -14.018   0.000   1.590   0.000   8.816
-85   4.645544  -1016.36      -0.000 -14.025   0.000   1.591   0.000   8.818
-86   4.645543  -1016.36      -0.000 -14.026   0.000   1.590   0.000   8.819
-87   4.645544  -1016.36      -0.000 -14.028   0.000   1.590   0.000   8.821
-88   4.645546  -1016.36      -0.000 -14.020   0.000   1.590   0.000   8.817
-89   4.645543  -1016.36      -0.000 -14.026   0.000   1.590   0.000   8.819
-90   4.645546  -1016.36      -0.000 -14.022   0.000   1.590   0.000   8.818
-91   4.645546  -1016.36      -0.000 -14.022   0.000   1.590   0.000   8.817
-92   4.645545  -1016.36      -0.000 -14.022   0.000   1.591   0.000   8.816
-93   4.645546  -1016.36      -0.000 -14.022   0.000   1.591   0.000   8.816
-94   4.645545  -1016.36      -0.000 -14.024   0.000   1.591   0.000   8.817
-95   4.645541  -1016.36      -0.000 -14.031   0.000   1.591   0.000   8.821
-96   4.645544  -1016.36      -0.000 -14.024   0.000   1.591   0.000   8.816
-97   4.645545  -1016.36      -0.000 -14.023   0.000   1.591   0.000   8.816
-98   4.645541  -1016.36      -0.000 -14.033   0.000   1.591   0.000   8.823
-99   4.645544  -1016.36      -0.000 -14.025   0.000   1.591   0.000   8.816
-100   4.645544  -1016.36      -0.000 -14.026   0.000   1.591   0.000   8.818
